# q intensity propagated_error
8.972188982835325739e-05 0.000000000000000000e+00 0.000000000000000000e+00
2.009402691554100203e-04 0.000000000000000000e+00 0.000000000000000000e+00
3.121586484824668238e-04 0.000000000000000000e+00 0.000000000000000000e+00
4.233770278095235189e-04 0.000000000000000000e+00 0.000000000000000000e+00
5.345954071365803225e-04 0.000000000000000000e+00 0.000000000000000000e+00
6.458137864636371260e-04 0.000000000000000000e+00 0.000000000000000000e+00
7.570321657906938211e-04 0.000000000000000000e+00 0.000000000000000000e+00
8.682505451177505162e-04 0.000000000000000000e+00 0.000000000000000000e+00
9.794689244448074282e-04 0.000000000000000000e+00 0.000000000000000000e+00
1.090687303771864340e-03 3.253365928661253292e+00 1.986484664933037436e+00
1.201905683098920818e-03 2.165958149468707461e-01 2.789507205694033432e-01
1.313124062425977730e-03 -9.994052326651114981e-02 1.561462580536959743e-01
1.424342441753034642e-03 1.167067361294371608e-01 1.113978408840204104e-01
1.535560821080091121e-03 2.294917193401602162e-02 8.911088005733390494e-02
1.646779200407148033e-03 1.063160088910919399e-01 7.449490369709006743e-02
1.757997579734204945e-03 5.842131244146742119e-02 6.414558666950809229e-02
1.869215959061261423e-03 1.197858842095875787e-01 5.481753958224350187e-02
1.980434338388318335e-03 -3.867775690576991110e-02 4.752378835779581812e-02
2.091652717715374813e-03 7.072345005891733649e-02 4.230453344305382807e-02
2.202871097042431725e-03 5.774853599880813704e-02 3.677480591119529352e-02
2.314089476369488203e-03 7.304491963412651501e-02 3.293825693795722487e-02
2.425307855696545115e-03 -4.129038364711234976e-03 2.925484991223019013e-02
2.536526235023602027e-03 2.573084867584896074e-03 2.646251583587943754e-02
2.647744614350658506e-03 1.343255543980781397e-02 2.397569797674628175e-02
2.758962993677715417e-03 3.368186607364176410e-02 2.174265520475115315e-02
2.870181373004772329e-03 4.223575685665625912e-02 1.974776538401891782e-02
2.981399752331828808e-03 2.098944447249451173e-02 1.798493469709700962e-02
3.092618131658885720e-03 1.595186954970495563e-02 1.648751364652817700e-02
3.203836510985942632e-03 5.148741463228434512e-02 1.526714882855477115e-02
3.315054890312999110e-03 4.652394335874499021e-02 1.412679259288506656e-02
3.426273269640056022e-03 4.247136669326989633e-02 1.308036655353570984e-02
3.537491648967112934e-03 1.341528544498382658e-02 1.196956648738636830e-02
3.648710028294169412e-03 5.107028354963549788e-02 1.117479480515080892e-02
3.759928407621226324e-03 3.890971589277780751e-02 1.042046382075624555e-02
3.871146786948283236e-03 3.582314248215134889e-02 9.892471293277221855e-03
3.982365166275340582e-03 4.266655774682370783e-02 9.314732058278542629e-03
4.093583545602396193e-03 3.372768351247557028e-02 8.731113686318844186e-03
4.204801924929453538e-03 4.176663905106647867e-02 8.155129864301091311e-03
4.316020304256510016e-03 2.923881859626509261e-02 7.559674172261212841e-03
4.427238683583566495e-03 2.895267546295476890e-02 7.069221022960418821e-03
4.538457062910623840e-03 4.003178942302887400e-02 6.820974186601711994e-03
4.649675442237680319e-03 3.452860894855502849e-02 6.869561945699901792e-03
4.760893821564736797e-03 2.063259828127783635e-02 6.709177848993665497e-03
4.872112200891794143e-03 2.985220128677767981e-02 6.581882080739227640e-03
4.983330580218850621e-03 3.160094982516570283e-02 6.384755012263708916e-03
5.094548959545907099e-03 3.852737723410748494e-02 6.136462521944497685e-03
5.205767338872964445e-03 3.413412094808476738e-02 5.929097978070559799e-03
5.316985718200020923e-03 4.257814028768391879e-02 5.810637978806117328e-03
5.428204097527077401e-03 2.779076912954447920e-02 5.519106349549204003e-03
5.539422476854134747e-03 3.057049526377453308e-02 5.320822373924611985e-03
5.650640856181191225e-03 3.429274720496011675e-02 5.211681989851082303e-03
5.761859235508247704e-03 3.340753057467010789e-02 5.064163153269659115e-03
5.873077614835305049e-03 1.918882356419560065e-02 4.793190383313951884e-03
5.984295994162361527e-03 2.130848168631144235e-02 4.595795590784498320e-03
6.095514373489418006e-03 3.133416683349271592e-02 4.502593114260448372e-03
6.206732752816475351e-03 3.262364749892232574e-02 4.341188706847238024e-03
6.317951132143531830e-03 3.396005473575475220e-02 4.250173947096255039e-03
6.429169511470588308e-03 2.539726192836655461e-02 3.980068485554027341e-03
6.540387890797645654e-03 2.570406713233985840e-02 3.748049843418678907e-03
6.651606270124702132e-03 2.708978965018671303e-02 3.596912744029569144e-03
6.762824649451758610e-03 2.265535098370036193e-02 3.426784851608625192e-03
6.874043028778815956e-03 2.885886234783346938e-02 3.311382080379051806e-03
6.985261408105872434e-03 2.814108484568350610e-02 3.186910792842058762e-03
7.096479787432928912e-03 2.502501106841670264e-02 3.075616757832576407e-03
7.207698166759986258e-03 2.511903560140643643e-02 2.957222716575567782e-03
7.318916546087042736e-03 2.772906620269124933e-02 2.873879310489611642e-03
7.430134925414099215e-03 2.113552818797756472e-02 2.761419530345924061e-03
7.541353304741156560e-03 2.092716506623645834e-02 2.677388997090294608e-03
7.652571684068213038e-03 2.375842811186179571e-02 2.590545693071594560e-03
7.763790063395270384e-03 2.169143679297919070e-02 2.520781796856355790e-03
7.875008442722326862e-03 2.704706543460252965e-02 2.487242060544468496e-03
7.986226822049382473e-03 2.559722656146232178e-02 2.400537867565465978e-03
8.097445201376439819e-03 2.197053160638245961e-02 2.331848155924918023e-03
8.208663580703497165e-03 2.418073307601234512e-02 2.305538595834024686e-03
8.319881960030552775e-03 2.190507337172153957e-02 2.222337693140420071e-03
8.431100339357610121e-03 2.102973358076537513e-02 2.160802390547055928e-03
8.542318718684667467e-03 1.778563948844751053e-02 2.085181863250069705e-03
8.653537098011723078e-03 2.016763678503086243e-02 2.037548957280973811e-03
8.764755477338780423e-03 1.758532402649722048e-02 1.978916845517578963e-03
8.875973856665837769e-03 1.623861089993317020e-02 1.928763126081493558e-03
8.987192235992893380e-03 2.221390403723215445e-02 1.930171874570425902e-03
9.098410615319950726e-03 1.870906713273694233e-02 1.867321045912534970e-03
9.209628994647008071e-03 1.912363264652446049e-02 1.846983907103288492e-03
9.320847373974063682e-03 2.028093914625982153e-02 1.814749811633709509e-03
9.432065753301121028e-03 1.759568716862841553e-02 1.756742121442180686e-03
9.543284132628178373e-03 1.745661761773870113e-02 1.729794849541371055e-03
9.654502511955233984e-03 1.915926162805350885e-02 1.712885717473367321e-03
9.765720891282291330e-03 1.675107148830942694e-02 1.655798343628193383e-03
9.876939270609348676e-03 1.923813353249301250e-02 1.648476066963881987e-03
9.988157649936404286e-03 1.817521914269216998e-02 1.618549234714534643e-03
1.009937602926346163e-02 2.051942892485121572e-02 1.631115338367713878e-03
1.021059440859051898e-02 1.689296855009622678e-02 1.560576314136035044e-03
1.032181278791757459e-02 1.602909355566757565e-02 1.542945376174594723e-03
1.043303116724463193e-02 1.405839848883193299e-02 1.502252455648633335e-03
1.054424954657168928e-02 1.692645214283640398e-02 1.501979742278637718e-03
1.065546792589874489e-02 1.635244890828299602e-02 1.472959271067853957e-03
1.076668630522580224e-02 1.377749398967313688e-02 1.439252929731124359e-03
1.087790468455285958e-02 1.481945833227696352e-02 1.433612623466659717e-03
1.098912306387991519e-02 1.499743405670726781e-02 1.407251191042728500e-03
1.110034144320697254e-02 1.639294908588667665e-02 1.412717657688992859e-03
1.121155982253402988e-02 1.408743513123131286e-02 1.372447362595637056e-03
1.132277820186108550e-02 1.562981308406215242e-02 1.362513703899826539e-03
1.143399658118814284e-02 1.742479949568329078e-02 1.361160075944148470e-03
1.154521496051520019e-02 1.498633040957966095e-02 1.330236777056054316e-03
1.165643333984225580e-02 1.274620713636960556e-02 1.291712122033853057e-03
1.176765171916931314e-02 1.527942918414638973e-02 1.310530239886767857e-03
1.187887009849637049e-02 1.246380416943290020e-02 1.277358925050982134e-03
1.199008847782342610e-02 1.186430375575601992e-02 1.250748060756030943e-03
1.210130685715048345e-02 1.284500348930559671e-02 1.247468941916890462e-03
1.221252523647754079e-02 1.515248845643956538e-02 1.256016570315549767e-03
1.232374361580459640e-02 1.352713723408361518e-02 1.231857265700999227e-03
1.243496199513165375e-02 1.183001473819680210e-02 1.211544550101365230e-03
1.254618037445871109e-02 1.351713603871673719e-02 1.219567120502816886e-03
1.265739875378576670e-02 1.321219429805405715e-02 1.197296223994729920e-03
1.276861713311282405e-02 1.023446038425893101e-02 1.145636046248882985e-03
1.287983551243988140e-02 1.435693323503781094e-02 1.175879681443453431e-03
1.299105389176693701e-02 1.287469463200655723e-02 1.153096400192038951e-03
1.310227227109399435e-02 1.217746554287103128e-02 1.133884086887960085e-03
1.321349065042105170e-02 1.378398711642116886e-02 1.139981703887210217e-03
1.332470902974810731e-02 1.471404411070227625e-02 1.141644074957173750e-03
1.343592740907516465e-02 1.396703357840577836e-02 1.121518712764445072e-03
1.354714578840222200e-02 1.188567811345583869e-02 1.092983066384610111e-03
1.365836416772927761e-02 9.897996908431801188e-03 1.070831348290260084e-03
1.376958254705633496e-02 1.206570951706771588e-02 1.077036671640267890e-03
1.388080092638339230e-02 1.172878596607745960e-02 1.066298024953637059e-03
1.399201930571044791e-02 1.269478440498265914e-02 1.061119959185325042e-03
1.410323768503750526e-02 1.290359031875725621e-02 1.056842807365042771e-03
1.421445606436456260e-02 1.193018209058856194e-02 1.047399681261372692e-03
1.432567444369161822e-02 9.938152133478268813e-03 1.021227949147469156e-03
1.443689282301867556e-02 1.123359224873068940e-02 1.025893228666446616e-03
1.454811120234573291e-02 1.111736387779008184e-02 1.018037619525436225e-03
1.465932958167278852e-02 1.194480039426074058e-02 1.017630475588625827e-03
1.477054796099984586e-02 1.148253288833998159e-02 1.000498248285697613e-03
1.488176634032690321e-02 9.565261090580590153e-03 9.719037395096594362e-04
1.499298471965395882e-02 1.097855805511373933e-02 9.833291603492605795e-04
1.510420309898101617e-02 1.105354094190572761e-02 9.812916055296526992e-04
1.521542147830807351e-02 1.079336823890043179e-02 9.749320601978620719e-04
1.532663985763512912e-02 1.140147298058024478e-02 9.721699894244257949e-04
1.543785823696218647e-02 9.956700647740741872e-03 9.578789525317760092e-04
1.554907661628924381e-02 1.020961754549026129e-02 9.489103783767580602e-04
1.566029499561629942e-02 9.232554201574844077e-03 9.323111133110436113e-04
1.577151337494335503e-02 8.171789292423341233e-03 9.218166102378504839e-04
1.588273175427041412e-02 8.957782549355280954e-03 9.187594165527552918e-04
1.599395013359746973e-02 8.299724459177044988e-03 9.095612890989594268e-04
1.610516851292452534e-02 9.500199718043660091e-03 9.163878823080931837e-04
1.621638689225158442e-02 1.045662885229730471e-02 9.188630461322336816e-04
1.632760527157864003e-02 9.852741998166922310e-03 9.110643854919942865e-04
1.643882365090569564e-02 9.554015538952166653e-03 9.035913859367820196e-04
1.655004203023275472e-02 6.671741630290425884e-03 8.699790204190621656e-04
1.666126040955981033e-02 7.958271637450525793e-03 8.766251799761871823e-04
1.677247878888686594e-02 7.860422972506504735e-03 8.717846663115428468e-04
1.688369716821392502e-02 8.777291488441182898e-03 8.783013294821618829e-04
1.699491554754098063e-02 9.852292268978442291e-03 8.811988479487265630e-04
1.710613392686803624e-02 9.376966201659772682e-03 8.718478677358475074e-04
1.721735230619509532e-02 8.346318584281926800e-03 8.565687973699394331e-04
1.732857068552215093e-02 9.239614455177597163e-03 8.640076703591202884e-04
1.743978906484920655e-02 7.734260805692734497e-03 8.425764770019197793e-04
1.755100744417626563e-02 9.429644435801090574e-03 8.533379833059053605e-04
1.766222582350332124e-02 6.906860603397679821e-03 8.253432405197165317e-04
1.777344420283037685e-02 5.785158474322482647e-03 8.127836199603765202e-04
1.788466258215743593e-02 8.170467539531357792e-03 8.332384554503070601e-04
1.799588096148449154e-02 7.843962229543012532e-03 8.211440707046593554e-04
1.810709934081154715e-02 9.571959433986754195e-03 8.377799554733989440e-04
1.821831772013860623e-02 7.365643314803278774e-03 8.094200878573916489e-04
1.832953609946566184e-02 8.413741338752979415e-03 8.185322481595702204e-04
1.844075447879271745e-02 8.439527852800332575e-03 8.151071013240761103e-04
1.855197285811977653e-02 7.802489414070842844e-03 8.062636570819996934e-04
1.866319123744683214e-02 7.023534702271100327e-03 7.993830065113594584e-04
1.877440961677388775e-02 6.808949072508556355e-03 7.970062588485772896e-04
1.888562799610094683e-02 8.199425820500906570e-03 7.996180919979477665e-04
1.899684637542800245e-02 7.614662760133748820e-03 7.871618906129538087e-04
1.910806475475505806e-02 8.255335020299417459e-03 7.951850627354363227e-04
1.921928313408211714e-02 7.275589128522226556e-03 7.785151009828496010e-04
1.933050151340917275e-02 6.723712705952039626e-03 7.700483204113962648e-04
1.944171989273622836e-02 7.445394293285570453e-03 7.764423764601150520e-04
1.955293827206328744e-02 5.704523375991893408e-03 7.574449994343009649e-04
1.966415665139034305e-02 7.415213026446890177e-03 7.692136358825534632e-04
1.977537503071739866e-02 6.226855670531324799e-03 7.544649588698020730e-04
1.988659341004445774e-02 7.261527035104041461e-03 7.637133080041147914e-04
1.999781178937151335e-02 7.439360746659393064e-03 7.582310367349074862e-04
2.010903016869856896e-02 6.328988036594738326e-03 7.500847016534820978e-04
2.022024854802562804e-02 6.624491725896464178e-03 7.676107736246305614e-04
2.033146692735268365e-02 6.494863655703668470e-03 7.744365023391215630e-04
2.044268530667973927e-02 7.651226265200802845e-03 7.888256546100125147e-04
2.055390368600679835e-02 6.158184542679041168e-03 7.824227064278455393e-04
2.066512206533385396e-02 5.228712248698731690e-03 7.819338301662163244e-04
2.077634044466090957e-02 6.834377239470678517e-03 7.898093047814230133e-04
2.088755882398796865e-02 6.178325478605879023e-03 7.798743937420905348e-04
2.099877720331502426e-02 7.432972200163621285e-03 7.952243479728243573e-04
2.110999558264207987e-02 6.016178208506542391e-03 7.814748902587076744e-04
2.122121396196913895e-02 6.919072704215756958e-03 7.874135611258990461e-04
2.133243234129619456e-02 5.748938899157396420e-03 7.750154704697008413e-04
2.144365072062325017e-02 6.903636077110971575e-03 7.815611755294668908e-04
2.155486909995030925e-02 6.180472746879783069e-03 7.777819190413690076e-04
2.166608747927736486e-02 6.314955036918847020e-03 7.762961457353491313e-04
2.177730585860442047e-02 5.684591510159337641e-03 7.720552521884631531e-04
2.188852423793147955e-02 5.704861593507776218e-03 7.694641292385435635e-04
2.199974261725853517e-02 6.974060007145978929e-03 7.769214116968937772e-04
2.211096099658559078e-02 7.520447587280224000e-03 7.631847002622150523e-04
2.222217937591264986e-02 5.781000056762249095e-03 7.365315918909373172e-04
2.233339775523970547e-02 5.784361681687177209e-03 7.272567889252436191e-04
2.244461613456676108e-02 4.755033791386253927e-03 7.111138209585126302e-04
2.255583451389382016e-02 4.612670696800200143e-03 7.014773122531176150e-04
2.266705289322087577e-02 5.041828509538572728e-03 7.020830985719910032e-04
2.277827127254793138e-02 6.257651796083212731e-03 7.100461368133323490e-04
2.288948965187499046e-02 6.205742189768496259e-03 7.076951598918853692e-04
2.300070803120204607e-02 6.037928387283536535e-03 7.046395806119960499e-04
2.311192641052910168e-02 5.261583944577017530e-03 6.893255384080698277e-04
2.322314478985616076e-02 4.507080804910464783e-03 6.834760505547639612e-04
2.333436316918321637e-02 7.070701317324755431e-03 7.088834155532089181e-04
2.344558154851027199e-02 4.759468586777861748e-03 6.814948067797078641e-04
2.355679992783733107e-02 6.544023719952579699e-03 6.942254655237009965e-04
2.366801830716438668e-02 5.982078347502379351e-03 6.848250435952403905e-04
2.377923668649144229e-02 5.522339287019392001e-03 6.780412525536478035e-04
2.389045506581850137e-02 5.262805954581967899e-03 6.781302556192238002e-04
2.400167344514555698e-02 5.792183862091408036e-03 6.787765226182302346e-04
2.411289182447261259e-02 5.470609239347997560e-03 6.719265475913120201e-04
2.422411020379967167e-02 4.067460799297123453e-03 6.592639212124660033e-04
2.433532858312672728e-02 5.049436034669847750e-03 6.658314503206697261e-04
2.444654696245378289e-02 5.060907686405467093e-03 6.584991664938766266e-04
2.455776534178084197e-02 4.609445953069793434e-03 6.561375727974018456e-04
2.466898372110789758e-02 5.373027685078423515e-03 6.673543188757380916e-04
2.478020210043495319e-02 4.932733670373497942e-03 6.579286644703661062e-04
2.489142047976201227e-02 4.770605261832778360e-03 6.523985902144670323e-04
2.500263885908906789e-02 4.703215823708889465e-03 6.491611678002761569e-04
2.511385723841612350e-02 4.436802455008437285e-03 6.425995484208140698e-04
2.522507561774318258e-02 4.390797045296716133e-03 6.473730781655935964e-04
2.533629399707023819e-02 4.970181012788857378e-03 6.482919538425283490e-04
2.544751237639729380e-02 4.459498734376374923e-03 6.402640855670567845e-04
2.555873075572435288e-02 4.392798988312966030e-03 6.334196246415848500e-04
2.566994913505140849e-02 4.970188639090326183e-03 6.382650753541912591e-04
2.578116751437846410e-02 4.353012467309839983e-03 6.266055761103067265e-04
2.589238589370552318e-02 4.037212732663560122e-03 6.228665885167597623e-04
2.600360427303257879e-02 4.742154739803397523e-03 6.262819316664636118e-04
2.611482265235963440e-02 5.151827837071420307e-03 6.322850832120390473e-04
2.622604103168669348e-02 4.921666420143418208e-03 6.256939172349929024e-04
2.633725941101374909e-02 4.417056810123450028e-03 6.216442551677933345e-04
2.644847779034080471e-02 4.205803463025362121e-03 6.188136270421667378e-04
2.655969616966786379e-02 4.602597716112537263e-03 6.235331416400605826e-04
2.667091454899491940e-02 5.126213528360394622e-03 6.219120886350303773e-04
2.678213292832197501e-02 4.507075249079377927e-03 6.183569872593662996e-04
2.689335130764903409e-02 4.569593408547654306e-03 6.149327625776469710e-04
2.700456968697608970e-02 4.011613488435417790e-03 6.066315749824872407e-04
2.711578806630314531e-02 3.630860304249278192e-03 6.026301325167943536e-04
2.722700644563020439e-02 4.486542572552813801e-03 6.094168227054567056e-04
2.733822482495726000e-02 4.787754547401289196e-03 6.122401919425979984e-04
2.744944320428431561e-02 4.601953276732049375e-03 6.052693037143653653e-04
2.756066158361137469e-02 3.515862246390305534e-03 5.941191243398122584e-04
2.767187996293843030e-02 3.624749040206792783e-03 5.930512123218705184e-04
2.778309834226548591e-02 4.104659406495445029e-03 6.031760042864365212e-04
2.789431672159254499e-02 3.701010247925365371e-03 5.958881784019688004e-04
2.800553510091960061e-02 4.038830826022250797e-03 5.944957392970504507e-04
2.811675348024665622e-02 3.486995050329788626e-03 5.890698016741392979e-04
2.822797185957371530e-02 4.097674356354916864e-03 5.960031220415263047e-04
2.833919023890077091e-02 4.306435294573088962e-03 5.945739000316276101e-04
2.845040861822782652e-02 4.471156233858325502e-03 5.932244433036254136e-04
2.856162699755488560e-02 3.129304738015901283e-03 5.807532962686094051e-04
2.867284537688194121e-02 3.450755803240009023e-03 5.815625726341203377e-04
2.878406375620899682e-02 3.779314653127446855e-03 5.832736445963501845e-04
2.889528213553605590e-02 4.654775140290379892e-03 5.906702516333253499e-04
2.900650051486311151e-02 4.331390218662998365e-03 5.868356260875513385e-04
2.911771889419016712e-02 3.698564843780140915e-03 5.768360231968845762e-04
2.922893727351722620e-02 4.734694810097875295e-03 5.859667795597085001e-04
2.934015565284428181e-02 4.639781583407717042e-03 5.850037691237231071e-04
2.945137403217133742e-02 4.188549449212167208e-03 5.758205644482248132e-04
2.956259241149839651e-02 4.830647960787647771e-03 5.840887584954761397e-04
2.967381079082545212e-02 4.345197843199994497e-03 5.778498985729533122e-04
2.978502917015250773e-02 3.620293805381546298e-03 5.700522414310280929e-04
2.989624754947956681e-02 3.593493685205138843e-03 5.640038340257285667e-04
3.000746592880662242e-02 3.811303404388545479e-03 5.686051883467944544e-04
3.011868430813367803e-02 3.987200773410401466e-03 5.703850228383828451e-04
3.022990268746073711e-02 4.004343745802274590e-03 5.647907106721641477e-04
3.034112106678779272e-02 3.130523494010491875e-03 5.570598770788959958e-04
3.045233944611484833e-02 3.436357774687117533e-03 5.625639250547861091e-04
3.056355782544190741e-02 2.933833339427517617e-03 5.542967731702739187e-04
3.067477620476896302e-02 3.679522372218205217e-03 5.625929077930747575e-04
3.078599458409601863e-02 3.849890768803876373e-03 5.608224678634314737e-04
3.089721296342307771e-02 3.314944698778798937e-03 5.565285832327831767e-04
3.100843134275013332e-02 3.110286010350283431e-03 5.562328633625431701e-04
3.111964972207718894e-02 3.755232072059581233e-03 5.683000102371711269e-04
3.123086810140424802e-02 2.425440813073061197e-03 5.601016299081631967e-04
3.134208648073130710e-02 4.042743767503131913e-03 5.782951964703223705e-04
3.145330486005835924e-02 3.641996273264426487e-03 5.771710788782788209e-04
3.156452323938541138e-02 2.699574373740076805e-03 5.723050161363267075e-04
3.167574161871247740e-02 3.818826362060392943e-03 5.789890021693113028e-04
3.178695999803952954e-02 5.872314345047903450e-03 6.016803162710440212e-04
3.189817837736658168e-02 3.920478023628642256e-03 5.839775814361731435e-04
3.200939675669364770e-02 3.478125912856344648e-03 5.812596356018329786e-04
3.212061513602069984e-02 3.054502530769009211e-03 5.749515937439391919e-04
3.223183351534775198e-02 2.736341457335540739e-03 5.720125082263042464e-04
3.234305189467481800e-02 3.705125848215792828e-03 5.827269344653733443e-04
3.245427027400187014e-02 2.243738136026317276e-03 5.670620093451803501e-04
3.256548865332892229e-02 3.713305934692146676e-03 5.806347715777294537e-04
3.267670703265598831e-02 3.143427818381849120e-03 5.770964930917741502e-04
3.278792541198304045e-02 3.472876528264202955e-03 5.788461929198394397e-04
3.289914379131009259e-02 4.013281929718483243e-03 5.802518260473380060e-04
3.301036217063715861e-02 4.533309422766612640e-03 5.745052191740758095e-04
3.312158054996421075e-02 3.591706344713820054e-03 5.586172110322508867e-04
3.323279892929126289e-02 3.525177867430159817e-03 5.543344149242467305e-04
3.334401730861832891e-02 3.719631410996505211e-03 5.526031963963745674e-04
3.345523568794538105e-02 2.979563414318306402e-03 5.437363836260875613e-04
3.356645406727243319e-02 2.761517089185542423e-03 5.389645283821051713e-04
3.367767244659949921e-02 3.889031510988575496e-03 5.522559784144555513e-04
3.378889082592655135e-02 3.389006933797348436e-03 5.417631559130371569e-04
3.390010920525360349e-02 2.508646245868301206e-03 5.318235096629088344e-04
3.401132758458066951e-02 3.725063889196043865e-03 5.429788588166272476e-04
3.412254596390772166e-02 3.374593656422425481e-03 5.374447716358082957e-04
3.423376434323477380e-02 3.588533645497882230e-03 5.359303068268139562e-04
3.434498272256183982e-02 3.210070980622457132e-03 5.333460368123205250e-04
3.445620110188889196e-02 3.331849257531268454e-03 5.371203281677456708e-04
3.456741948121594410e-02 3.344153560383478219e-03 5.332785178643568514e-04
3.467863786054301012e-02 3.746037779984241062e-03 5.349900079390979999e-04
3.478985623987006226e-02 3.194520188618796969e-03 5.295173651202771852e-04
3.490107461919711440e-02 2.844233771250984782e-03 5.242760357158581744e-04
3.501229299852418042e-02 2.895944826885474277e-03 5.234247019343630462e-04
3.512351137785123256e-02 3.491283838950191842e-03 5.297587438985842988e-04
3.523472975717828470e-02 3.536157479583482144e-03 5.294191930576673403e-04
3.534594813650535072e-02 2.834540789871529270e-03 5.189448879400332653e-04
3.545716651583240286e-02 2.536935356011474352e-03 5.176927585896782050e-04
3.556838489515945501e-02 1.988384950099807147e-03 5.121260447010038668e-04
3.567960327448652103e-02 2.235234363235725358e-03 5.133072048049384809e-04
3.579082165381357317e-02 2.605181740613117525e-03 5.161984115454748296e-04
3.590204003314062531e-02 2.669413629651500031e-03 5.133989743399861678e-04
3.601325841246769133e-02 2.615796870126762402e-03 5.127607129524811404e-04
3.612447679179474347e-02 3.033684689693710163e-03 5.138151666817935160e-04
3.623569517112179561e-02 3.298813464074745044e-03 5.155589323447115797e-04
3.634691355044886163e-02 2.850631686820283978e-03 5.102842576071057405e-04
3.645813192977591377e-02 2.759270561025223972e-03 5.061784594121162368e-04
3.656935030910296591e-02 3.154208905980712685e-03 5.084373800326028644e-04
3.668056868843003193e-02 1.197253503673181840e-03 4.948182594527720428e-04
3.679178706775708407e-02 2.642807913288622301e-03 5.033735131151677528e-04
3.690300544708413621e-02 2.119130955373769998e-03 4.977558170059343760e-04
3.701422382641120223e-02 3.000103278631573167e-03 5.052266560467615162e-04
3.712544220573825438e-02 2.532099024339044130e-03 5.026905484949823703e-04
3.723666058506530652e-02 1.822780246690927641e-03 4.918602320471431076e-04
3.734787896439237254e-02 2.920103701253954492e-03 5.039969038789297558e-04
3.745909734371942468e-02 2.735652090492805832e-03 4.980922163014214364e-04
3.757031572304647682e-02 3.133334665314225359e-03 5.003649341870391358e-04
3.768153410237354284e-02 2.481649667785634783e-03 4.955400963884302665e-04
3.779275248170059498e-02 3.265492099610044219e-03 5.017779086128128273e-04
3.790397086102764712e-02 3.916941740796132942e-03 5.053754647527673770e-04
3.801518924035471314e-02 2.500140152085238154e-03 4.924582323802141181e-04
3.812640761968176528e-02 3.160108434488006351e-03 4.965275216217934729e-04
3.823762599900881742e-02 3.339105128222816243e-03 4.973575231586349317e-04
3.834884437833588344e-02 2.125726164161439308e-03 4.885382182127106544e-04
3.846006275766293558e-02 2.727622136588149504e-03 4.921487346720294616e-04
3.857128113698998773e-02 2.321669465105539315e-03 4.889085153279737906e-04
3.868249951631705374e-02 2.861217012003171994e-03 4.885606491599315095e-04
3.879371789564410589e-02 2.716773460376020743e-03 4.893049806105134476e-04
3.890493627497115803e-02 3.261774948393334622e-03 4.926951117488204005e-04
3.901615465429822405e-02 2.506132901104955735e-03 4.840924799083675886e-04
3.912737303362527619e-02 3.267810552551871778e-03 4.912906640893469025e-04
3.923859141295232833e-02 2.545434858695631158e-03 4.839902295248213015e-04
3.934980979227939435e-02 2.670788808114984980e-03 4.844635508226785114e-04
3.946102817160644649e-02 2.658192998163871196e-03 4.817771533154174553e-04
3.957224655093349863e-02 1.862889337860315631e-03 4.722952112635725170e-04
3.968346493026056465e-02 2.356573125100430710e-03 4.793718220633444004e-04
3.979468330958761679e-02 2.378092352476674637e-03 4.798587359562346468e-04
3.990590168891466893e-02 3.500236756322477188e-03 4.866667830986865558e-04
4.001712006824173495e-02 2.515220686169786224e-03 4.780380632326998035e-04
4.012833844756878710e-02 2.846428970656764840e-03 4.793202720615942123e-04
4.023955682689583924e-02 2.032757557686559746e-03 4.707523490750210133e-04
4.035077520622290526e-02 2.875170356516128928e-03 4.766526710283457255e-04
4.046199358554995740e-02 3.342623499745216858e-03 4.814488713881210995e-04
4.057321196487700954e-02 2.898500211283579209e-03 4.751854011014943423e-04
4.068443034420407556e-02 2.492688162331210822e-03 4.746928526958392588e-04
4.079564872353112770e-02 1.963379240080966731e-03 4.675641415200350683e-04
4.090686710285817984e-02 2.045881765617447307e-03 4.676681266169104467e-04
4.101808548218524586e-02 2.405198248649646764e-03 4.700070407810029113e-04
4.112930386151229800e-02 2.908425012846660440e-03 4.737453575712697110e-04
4.124052224083935014e-02 2.156808957680358269e-03 4.651773926648137994e-04
4.135174062016641616e-02 2.292795453602562011e-03 4.692050465546943896e-04
4.146295899949346830e-02 2.584628874075952515e-03 4.669117193098830084e-04
4.157417737882052045e-02 1.913524239677527605e-03 4.619674173376142048e-04
4.168539575814758646e-02 2.584858779482595431e-03 4.702439561707872045e-04
4.179661413747463861e-02 3.132955910206524502e-03 4.717290154307454903e-04
4.190783251680169075e-02 2.749624078451549936e-03 4.652574338868834068e-04
4.201905089612875677e-02 2.137701810900376892e-03 4.604091807206891216e-04
4.213026927545580891e-02 2.046478163222387875e-03 4.604883718421602526e-04
4.224148765478286105e-02 1.274604804026802096e-03 4.527603584257958473e-04
4.235270603410992707e-02 2.503104755657108854e-03 4.714244788833191939e-04
4.246392441343697921e-02 2.175002190240863525e-03 4.759976287954871175e-04
4.257514279276403135e-02 1.757702983711886130e-03 4.693902973322626828e-04
4.268636117209109737e-02 2.411615093150101113e-03 4.821949167533303381e-04
4.279757955141814951e-02 2.052608572249894209e-03 4.782881959452146966e-04
4.290879793074520165e-02 2.214965562961985351e-03 4.779880625209636581e-04
4.302001631007226767e-02 7.472720291614078775e-03 5.234069691633908396e-04
4.313123468939931981e-02 2.755715060599930183e-03 4.804353313767303403e-04
4.324245306872637196e-02 1.998380974401147564e-03 4.763588255321215257e-04
4.335367144805343798e-02 2.340857447795736263e-03 4.797171799619447076e-04
4.346488982738049012e-02 2.077027959039353527e-03 4.781784686333381373e-04
4.357610820670754226e-02 3.080567291783093548e-03 4.872509007093318791e-04
4.368732658603460828e-02 2.208976684162027027e-03 4.783785248085609273e-04
4.379854496536166042e-02 2.000647031747460058e-03 4.795252617264775274e-04
4.390976334468871256e-02 1.909675621986319655e-03 4.779741965362206625e-04
4.402098172401577858e-02 2.417554923292923597e-03 4.809394735767707325e-04
4.413220010334283072e-02 2.511173587695755133e-03 4.815787905789962868e-04
4.424341848266988286e-02 2.108759849021767802e-03 4.781499960526693050e-04
4.435463686199694888e-02 2.210777286341964604e-03 4.782166484865658820e-04
4.446585524132400102e-02 2.602062244699828580e-03 4.843077378920389309e-04
4.457707362065105317e-02 2.134859643736646689e-03 4.796648872231046973e-04
4.468829199997811918e-02 1.659879956714013088e-03 4.732164349314050091e-04
4.479951037930517133e-02 2.612846129646292231e-03 4.810332542144260537e-04
4.491072875863222347e-02 3.034656299181669181e-03 4.886627208282741906e-04
4.502194713795928949e-02 2.572351058691833142e-03 4.845594349560604472e-04
4.513316551728634163e-02 1.770878889313095422e-03 4.879508890692569787e-04
4.524438389661339377e-02 1.661807892557116278e-03 4.925538760141266476e-04
4.535560227594045979e-02 1.772708069079795279e-03 4.954696015154593045e-04
4.546682065526751193e-02 1.455073441711189630e-03 4.936287759174344406e-04
4.557803903459456407e-02 1.433238038501885581e-03 4.977841667610003297e-04
4.568925741392163009e-02 1.521719504079872831e-03 4.954258581459798074e-04
4.580047579324868223e-02 2.037125163573204334e-03 4.935102237388387181e-04
4.591169417257573437e-02 2.072359723265148473e-03 4.926717564209749829e-04
4.602291255190280039e-02 1.825878278452364861e-03 4.899315015683142075e-04
4.613413093122985253e-02 1.824419988041774132e-03 4.900924654624828165e-04
4.624534931055690468e-02 2.346485493463997679e-03 4.925529319711081933e-04
4.635656768988397070e-02 2.365322051372319156e-03 4.938098019127099567e-04
4.646778606921102284e-02 1.531792744799472666e-03 4.833506581246424690e-04
4.657900444853807498e-02 1.953036262754691277e-03 4.871204736655363843e-04
4.669022282786514100e-02 1.626491288822130149e-03 4.814325933530856942e-04
4.680144120719219314e-02 1.414219390995650333e-03 4.823055485247609159e-04
4.691265958651924528e-02 1.058113168622226707e-03 4.785965365200052046e-04
4.702387796584631130e-02 1.399631981724842184e-03 4.832943059566884763e-04
4.713509634517336344e-02 1.412633835645070446e-03 4.787344877612210352e-04
4.724631472450041558e-02 2.343455964123566937e-03 4.894194851098254088e-04
4.735753310382748160e-02 2.026794672891376464e-03 4.833644485799904974e-04
4.746875148315453374e-02 2.521269497254573916e-03 4.882052338432978263e-04
4.757996986248158588e-02 1.895074426431459652e-03 4.814721583725884682e-04
4.769118824180865190e-02 1.541208285525945409e-03 4.754230590868767673e-04
4.780240662113570405e-02 2.851994926765223648e-03 4.886862265019376516e-04
4.791362500046275619e-02 2.057095265807024065e-03 4.803413212722124613e-04
4.802484337978982221e-02 1.926151269926290599e-03 4.800504416015106621e-04
4.813606175911687435e-02 1.965593872492080174e-03 4.816331010958923740e-04
4.824728013844392649e-02 1.720588209801157675e-03 4.780923462796273708e-04
4.835849851777099251e-02 1.099707289273894883e-03 4.717791796538284049e-04
4.846971689709804465e-02 1.333305131680870975e-03 4.724444432427976409e-04
4.858093527642509679e-02 2.943340991776812604e-03 4.855806362300890623e-04
4.869215365575216281e-02 -7.231769696885229082e-04 4.771198505826524045e-04
4.880337203507921495e-02 1.076074697632229543e-03 4.747227683108639989e-04
4.891459041440626709e-02 1.500116395979283340e-03 4.749368428816436258e-04
4.902580879373333311e-02 2.590112503551334627e-03 4.815994685202289421e-04
4.913702717306038525e-02 2.146984129210726538e-03 4.768788259490378662e-04
4.924824555238743740e-02 1.445581366995213335e-03 4.707006263544275828e-04
4.935946393171450342e-02 2.344533660268922209e-03 4.764063237773618199e-04
4.947068231104155556e-02 2.229039071550649453e-03 4.754965688753067811e-04
4.958190069036860770e-02 1.814299798388863821e-03 4.728622250082553549e-04
4.969311906969567372e-02 2.710062042334017429e-03 4.785048014333472964e-04
4.980433744902272586e-02 2.655634798109419298e-03 4.763439061418828853e-04
4.991555582834977800e-02 2.250098038724820948e-03 4.715716143058650217e-04
5.002677420767684402e-02 1.628977735504882896e-03 4.688165408271922669e-04
5.013799258700389616e-02 1.229201560673832960e-03 4.636165237753257654e-04
5.024921096633094830e-02 2.430182602029026806e-03 4.726988004123904128e-04
5.036042934565801432e-02 1.171989528723715868e-03 4.648474982321678197e-04
5.047164772498506646e-02 2.017934271626161541e-03 4.741694231144338227e-04
5.058286610431211860e-02 1.863669218425914598e-03 4.697613118518928509e-04
5.069408448363918462e-02 2.310716769662317371e-03 4.729681786926069782e-04
5.080530286296623677e-02 1.451614296134811494e-03 4.670048640861391509e-04
5.091652124229328891e-02 1.910561045868175434e-03 4.711976151130393563e-04
5.102773962162035493e-02 1.686734080818052400e-03 4.678613535725820996e-04
5.113895800094740707e-02 1.923562149689549139e-03 4.696679125904436444e-04
5.125017638027445921e-02 1.874826618225005487e-03 4.694914885984385585e-04
5.136139475960152523e-02 2.629689005547788949e-03 4.749536249237598933e-04
5.147261313892857737e-02 2.443878958979180810e-03 4.754810188945628180e-04
5.158383151825562951e-02 1.296471063903556487e-03 4.644022539129604712e-04
5.169504989758269553e-02 1.741686935427751853e-03 4.667561370963434209e-04
5.180626827690974767e-02 2.308278849491609414e-03 4.717702943347945924e-04
5.191748665623679981e-02 2.384939453898112655e-03 4.734368767916797725e-04
5.202870503556386583e-02 1.581099120279039205e-03 4.651041465522794648e-04
5.213992341489091797e-02 1.500745448456602960e-03 4.631524146745716851e-04
5.225114179421797012e-02 1.952321865137034845e-03 4.680668083832161615e-04
5.236236017354503613e-02 1.529358217713196189e-03 4.639755444473162124e-04
5.247357855287208828e-02 2.238117059206134324e-03 4.673567455402689408e-04
5.258479693219914042e-02 2.154158531591381792e-03 4.685956385618786487e-04
5.269601531152620644e-02 1.259127607103002061e-03 4.597976213420267282e-04
5.280723369085325858e-02 1.136239961589128461e-03 4.582026424891132372e-04
5.291845207018031072e-02 1.006327904924577549e-03 4.581760280282681547e-04
5.302967044950737674e-02 2.270874514501374647e-03 4.673749069600893345e-04
5.314088882883442888e-02 2.006063166133713327e-03 4.644520975695858381e-04
5.325210720816148102e-02 1.952035054145810633e-03 4.657187102346508245e-04
5.336332558748854704e-02 2.103130246784348095e-03 4.665270720386107003e-04
5.347454396681559918e-02 1.149122067642237982e-03 4.556414575157908338e-04
5.358576234614265132e-02 2.172487164171631874e-03 4.655628229655882941e-04
5.369698072546971734e-02 2.238613603378139527e-03 4.631970002267817997e-04
5.380819910479676949e-02 1.673140880970740846e-03 4.584933237953118818e-04
5.391941748412382163e-02 9.682070702077896773e-04 4.535419013597854891e-04
5.403063586345088765e-02 1.879903055490267372e-03 4.610192373072459688e-04
5.414185424277793979e-02 1.467374864492047848e-03 4.580011848024358677e-04
5.425307262210499193e-02 1.899702924979762564e-03 4.610172601996342804e-04
5.436429100143205795e-02 7.906437962836958266e-04 4.527613193844655273e-04
5.447550938075911009e-02 2.148618103484389169e-03 4.610469923894589157e-04
5.458672776008616223e-02 1.867335391854688803e-03 4.576588112368768294e-04
5.469794613941322825e-02 5.226703382153405353e-04 4.474393859637014253e-04
5.480916451874028039e-02 1.429321165902268376e-03 4.559414506307639500e-04
5.492038289806733253e-02 2.028119086506442736e-03 4.588677585259905091e-04
5.503160127739439855e-02 1.255101079970136202e-03 4.509959414726328599e-04
5.514281965672145069e-02 1.923134522138172930e-03 4.586542315057828769e-04
5.525403803604850284e-02 1.712253024220761199e-03 4.560454243032446408e-04
5.536525641537556885e-02 1.532741752382903166e-03 4.513781238226373112e-04
5.547647479470262100e-02 1.529099311893780677e-03 4.515541719342431085e-04
5.558769317402967314e-02 2.364155421089308984e-04 4.434736105249601238e-04
5.569891155335673916e-02 2.019114490142137619e-04 4.407230542679179742e-04
5.581012993268379130e-02 1.225682849717951023e-03 4.500010972909441304e-04
5.592134831201084344e-02 1.176855630632030192e-03 4.504735634314897320e-04
5.603256669133790946e-02 9.562719023788503192e-04 4.458809616972489150e-04
5.614378507066496160e-02 1.212215902453191163e-03 4.480641259836946389e-04
5.625500344999201374e-02 1.721250005419585477e-03 4.550943752509183007e-04
5.636622182931907976e-02 2.414905448200398846e-03 4.597457029670091034e-04
5.647744020864613190e-02 1.210576405460690730e-03 4.479592411140952135e-04
5.658865858797318404e-02 1.724930917370432609e-03 4.524955430792311863e-04
5.669987696730025006e-02 1.371927861824929346e-03 4.521651163587214642e-04
5.681109534662730221e-02 1.268998427142870034e-03 4.477925645920336319e-04
5.692231372595435435e-02 1.306184375681845172e-03 4.545818291152671281e-04
5.703353210528142037e-02 8.525776308226096223e-04 4.448925660715676131e-04
5.714475048460847251e-02 1.776798963881786458e-03 4.510763870311532901e-04
5.725596886393552465e-02 1.569168839938718529e-03 4.485019543576282105e-04
5.736718724326259067e-02 1.482232783138810739e-03 4.498505236426099700e-04
5.747840562258964281e-02 1.337623470618189842e-03 4.480744224925632528e-04
5.758962400191669495e-02 2.260995784941568360e-03 4.589287947086916433e-04
5.770084238124376097e-02 3.251537377527081302e-03 4.773331628066033007e-04
5.781206076057081311e-02 1.211820568572781476e-03 4.628385932440962384e-04
5.792327913989786525e-02 1.711489263634687064e-03 4.698426102560791687e-04
5.803449751922493127e-02 1.537400299969737816e-03 4.688922999256031209e-04
5.814571589855198341e-02 8.222850154089161867e-04 4.629234014973796808e-04
5.825693427787903556e-02 7.419676457646288970e-04 4.632119529019058674e-04
5.836815265720610157e-02 1.639864286241309727e-03 4.723297753535512849e-04
5.847937103653315372e-02 1.656794321753387450e-03 4.743846813151465021e-04
5.859058941586020586e-02 1.971944773440755666e-03 4.787636986783307363e-04
5.870180779518727188e-02 5.965840636573231659e-04 4.649727766430968587e-04
5.881302617451432402e-02 2.147810180731134916e-03 4.837466712765395760e-04
5.892424455384137616e-02 1.319436112274738337e-03 4.761665798143974843e-04
5.903546293316844218e-02 1.708085108690880760e-03 4.795248580523166432e-04
5.914668131249549432e-02 1.680211061780165216e-03 4.793493237582898249e-04
5.925789969182254646e-02 8.901510870990454738e-04 4.731201969610787368e-04
5.936911807114961248e-02 1.345108496786380503e-03 4.730677550095981109e-04
5.948033645047666462e-02 1.610099512355529783e-03 4.793922161685451209e-04
5.959155482980371676e-02 4.438858532445737193e-04 4.686855709850715505e-04
5.970277320913078278e-02 1.704932214815577801e-03 4.836684075280995687e-04
5.981399158845783492e-02 1.745948020320180205e-03 4.825548687577722114e-04
5.992520996778488707e-02 1.314642854801782723e-03 4.812859867951470305e-04
6.003642834711195309e-02 8.994106198373340300e-04 4.778245714166573293e-04
6.014764672643900523e-02 1.024874548015100584e-03 4.817673595494998437e-04
6.025886510576605737e-02 1.106506095912701548e-03 4.788291231675348794e-04
6.037008348509312339e-02 8.204158759352493668e-04 4.799254204653458328e-04
6.048130186442017553e-02 1.861548371069814828e-03 4.877834817958793851e-04
6.059252024374722767e-02 6.560814633565781318e-04 4.752257828815942059e-04
6.070373862307429369e-02 9.564859714504062027e-04 4.783315821367013906e-04
6.081495700240134583e-02 1.439204292583592254e-03 4.883877418259351642e-04
6.092617538172839797e-02 8.403774582897635681e-04 4.803020528011860547e-04
6.103739376105546399e-02 1.066163634642382230e-03 4.821269608029548140e-04
6.114861214038251613e-02 1.410559357271176650e-03 4.868274536234916405e-04
6.125983051970956828e-02 8.472533247087903063e-04 4.804646789152821197e-04
6.137104889903663429e-02 1.001417814339836121e-03 4.810285285790781747e-04
6.148226727836368644e-02 9.984344483799714731e-04 4.853216758635784116e-04
6.159348565769073858e-02 1.191596987591098805e-03 4.853750931074900005e-04
6.170470403701780460e-02 1.334551772458857088e-03 4.873067565512607252e-04
6.181592241634485674e-02 6.639034087162591635e-04 4.818663493076920487e-04
6.192714079567190888e-02 1.958812129913264921e-03 4.935186309605245781e-04
6.203835917499897490e-02 9.378893896545455189e-04 4.819242912885677048e-04
6.214957755432602704e-02 1.509906341823678833e-03 4.891463122024047525e-04
6.226079593365307918e-02 1.543299179791540743e-03 4.903216956503084591e-04
6.237201431298014520e-02 1.163834106134176843e-03 4.841543108636910033e-04
6.248323269230719734e-02 2.474146460936597902e-03 4.986856831300490699e-04
6.259445107163424948e-02 1.712328733180352308e-03 4.886358288331420522e-04
6.270566945096131550e-02 1.427852952489979538e-03 4.889855450243504615e-04
6.281688783028838152e-02 8.353939080238299841e-04 4.830189413019256631e-04
6.292810620961541979e-02 2.195024537375710183e-03 4.950828291945575136e-04
6.303932458894248581e-02 2.110108978624975623e-03 4.947233133550026172e-04
6.315054296826955182e-02 7.864329607666885325e-04 4.838361501275650770e-04
6.326176134759659009e-02 4.820157534361838025e-04 4.831861021202195935e-04
6.337297972692365611e-02 8.198170088362898011e-04 4.843212276383474760e-04
6.348419810625072213e-02 1.943700289989941377e-03 4.944897512764098724e-04
6.359541648557776039e-02 1.689372684488966991e-03 4.935408289123775338e-04
6.370663486490482641e-02 5.657336106226484862e-04 4.833362100660898572e-04
6.381785324423189243e-02 1.744555862320563977e-03 4.956765571912728459e-04
6.392907162355893069e-02 1.060340166012134488e-03 4.897530374084258561e-04
6.404029000288599671e-02 5.522164315403498003e-04 4.822880132853337581e-04
6.415150838221306273e-02 8.948702156682357411e-04 4.878802381998319270e-04
6.426272676154010099e-02 1.420897388486785234e-03 4.946268014379548092e-04
6.437394514086716701e-02 1.067706901676214459e-03 4.904667388449229087e-04
6.448516352019423303e-02 1.033116358209816565e-03 4.891067111718462417e-04
6.459638189952127130e-02 1.210960398594321252e-03 4.944606524512798040e-04
6.470760027884833732e-02 1.552579052328421222e-03 4.960202781899618546e-04
6.481881865817540334e-02 1.711153305876574049e-03 4.945139285996784069e-04
6.493003703750244160e-02 1.466987494453137614e-03 4.927628839704446904e-04
6.504125541682950762e-02 1.705915864759981193e-03 4.985502322362619617e-04
6.515247379615657364e-02 2.510377596566595870e-03 5.027088454232798162e-04
6.526369217548361190e-02 2.068994832910651255e-03 5.013561931076040198e-04
6.537491055481067792e-02 1.734183955144869699e-03 4.968575309088728168e-04
6.548612893413774394e-02 1.982912101276223388e-03 4.959639348491426316e-04
6.559734731346478220e-02 2.033639365234415908e-03 4.973392603574474779e-04
6.570856569279184822e-02 1.838149222249677722e-03 5.028126247267069400e-04
6.581978407211891424e-02 1.599535939177842286e-03 4.985406703807165494e-04
6.593100245144595251e-02 1.403343485379897337e-03 4.968676604634076092e-04
6.604222083077301853e-02 1.439026564843966238e-03 4.942030403357436678e-04
6.615343921010008454e-02 6.126140798868723314e-04 4.882067018988445824e-04
6.626465758942712281e-02 2.075587970790070125e-03 5.028841526719859392e-04
6.637587596875418883e-02 4.367187425932568534e-04 4.861003672070002648e-04
6.648709434808125485e-02 1.332358201856773117e-03 4.972277825437648562e-04
6.659831272740829311e-02 2.129983571581013646e-03 5.027420327674571830e-04
6.670953110673535913e-02 1.622559459864184039e-03 4.969769522205777718e-04
6.682074948606242515e-02 2.328010983930359212e-03 5.074583501584994374e-04
6.693196786538946341e-02 2.125893919344271077e-03 5.053165313836882567e-04
6.704318624471652943e-02 1.297181595364790135e-03 4.951436021667169609e-04
6.715440462404359545e-02 1.637393050663453475e-03 4.995868506727122816e-04
6.726562300337063371e-02 1.009454096315077348e-03 4.945070132291496962e-04
6.737684138269769973e-02 1.390356636767980936e-03 4.960020037228524831e-04
6.748805976202476575e-02 1.894487128741389331e-03 5.021618826494155712e-04
6.759927814135180402e-02 6.785494362051489037e-04 4.905997349555564664e-04
6.771049652067887004e-02 1.669783721520896186e-03 5.006933058177269079e-04
6.782171490000593606e-02 2.386818404136823585e-03 5.052803067800630370e-04
6.793293327933297432e-02 1.188831000370729057e-03 4.962854958487256411e-04
6.804415165866004034e-02 1.216810082202444965e-03 4.966293509768606980e-04
6.815537003798710636e-02 1.438261503097532090e-03 5.019869762394650820e-04
6.826658841731414462e-02 1.181944434930744942e-03 4.984091198976209162e-04
6.837780679664121064e-02 3.901399154397217073e-04 4.939373235844756859e-04
6.848902517596827666e-02 9.244057583468467953e-04 4.970059214295331675e-04
6.860024355529531492e-02 9.320462629121284426e-04 4.938195236842748146e-04
6.871146193462238094e-02 1.087639992061240068e-03 4.974591081895445716e-04
6.882268031394944696e-02 1.112027179407133054e-03 4.964320560899868149e-04
6.893389869327648523e-02 1.228333597827920703e-03 5.003830651062076123e-04
6.904511707260355124e-02 1.676035361653734068e-03 5.015843674949593909e-04
6.915633545193061726e-02 1.730484681168913824e-03 5.016144220022847322e-04
6.926755383125765553e-02 1.143692304299458867e-03 4.973087882518919438e-04
6.937877221058472155e-02 1.003165976731303782e-03 4.998083826171299511e-04
6.948999058991178757e-02 1.489572072669035491e-03 5.012953587166169749e-04
6.960120896923882583e-02 1.259416325540795023e-03 5.011631430761234306e-04
6.971242734856589185e-02 1.626374489493435244e-03 5.039563184739254652e-04
6.982364572789295787e-02 1.975674803325708218e-03 5.050179078650038431e-04
6.993486410721999613e-02 2.094875388510906988e-03 5.067477667217272237e-04
7.004608248654706215e-02 1.085082362711219800e-03 4.989701367875619105e-04
7.015730086587412817e-02 1.760225601242115800e-03 5.055874689056499274e-04
7.026851924520116643e-02 1.243424193969926844e-03 5.022429230989377495e-04
7.037973762452823245e-02 9.282015154883638264e-04 4.986228542665501829e-04
7.049095600385529847e-02 1.153439336855206082e-03 5.015203894603527304e-04
7.060217438318233674e-02 1.450808326041070490e-03 5.035532889031913090e-04
7.071339276250940276e-02 1.000966293138325081e-03 4.986802647197026905e-04
7.082461114183646878e-02 8.247894044666435887e-04 4.942856665658684886e-04
7.093582952116350704e-02 7.013398257513896172e-04 4.986785718128221474e-04
7.104704790049057306e-02 9.170805190420322495e-04 5.027082254613771464e-04
7.115826627981763908e-02 1.001486517623016714e-03 4.979206575744603812e-04
7.126948465914467734e-02 1.586979349038543374e-03 5.059798854830387148e-04
7.138070303847174336e-02 1.191650762196058699e-03 4.990469995158405966e-04
7.149192141779880938e-02 8.194861642577960792e-04 4.959851656621726756e-04
7.160313979712584764e-02 7.084151852262028648e-04 4.978790203868702600e-04
7.171435817645291366e-02 1.122134661034890346e-03 5.004773715100314371e-04
7.182557655577997968e-02 6.352605051422391402e-04 4.961456390920782229e-04
7.193679493510701795e-02 9.808901601871707066e-04 4.993403067246425650e-04
7.204801331443408396e-02 5.208969141654237744e-04 4.964436924689103955e-04
7.215923169376114998e-02 3.293335120357933354e-04 4.930670322815683968e-04
7.227045007308818825e-02 1.617262567448391614e-03 5.059317064662925212e-04
7.238166845241525427e-02 9.869985667399355789e-04 5.020164923957017803e-04
7.249288683174232029e-02 8.835793002554062636e-04 5.014731383165054943e-04
7.260410521106935855e-02 8.364643337717171667e-04 4.995299444440908258e-04
7.271532359039642457e-02 1.935507066696283418e-03 5.125164843108777216e-04
7.282654196972349059e-02 1.105212337099308051e-03 4.985917337484486620e-04
7.293776034905052885e-02 1.956213829920117053e-03 5.102903907504967871e-04
7.304897872837759487e-02 1.521593566298252986e-03 5.076734475058941468e-04
7.316019710770466089e-02 1.049803588053899173e-03 4.992272707073751184e-04
7.327141548703169915e-02 1.229453946999411323e-03 5.033145154187850575e-04
7.338263386635876517e-02 1.564831736560589465e-03 5.058270479581206906e-04
7.349385224568583119e-02 3.611758118347432184e-03 5.250664727690138554e-04
7.360507062501286946e-02 5.416196332275850789e-04 4.996199858203477463e-04
7.371628900433993548e-02 3.874610472240948289e-04 4.949691750425638283e-04
7.382750738366700149e-02 2.067265656616364133e-04 4.959040767503726868e-04
7.393872576299403976e-02 1.852463094946837224e-03 5.075924439829291581e-04
7.404994414232110578e-02 1.376154522044058248e-03 5.030958661240304136e-04
7.416116252164817180e-02 1.318193492717684850e-03 5.045440226938818209e-04
7.427238090097521006e-02 2.110465594146043733e-04 4.928847707015117981e-04
7.438359928030227608e-02 9.345716341269960648e-04 5.004604381525416899e-04
7.449481765962934210e-02 1.485387388939218845e-03 5.039791483346921794e-04
7.460603603895638036e-02 1.904870132652058956e-03 5.105864988610983113e-04
7.471725441828344638e-02 1.129051264413559463e-03 5.013973065337375178e-04
7.482847279761051240e-02 1.061305037418313474e-03 5.067819698512935527e-04
7.493969117693755067e-02 9.295650667051173766e-04 4.982154346234919130e-04
7.505090955626461668e-02 1.136867228889837378e-03 5.014557749898825327e-04
7.516212793559168270e-02 7.395034233311573169e-04 4.990877239878181021e-04
7.527334631491872097e-02 2.250570801329392079e-03 5.109363710625997295e-04
7.538456469424578699e-02 1.523001470801605556e-03 5.071467536010883107e-04
7.549578307357285301e-02 3.901350004042458686e-04 4.993117414054974376e-04
7.560700145289989127e-02 1.669432780925562271e-03 5.080130267625235967e-04
7.571821983222695729e-02 4.831336796825395907e-04 4.937471525573077164e-04
7.582943821155402331e-02 5.978495954420334768e-04 4.994679557817921110e-04
7.594065659088106157e-02 1.293687143980443849e-03 5.057786706791167573e-04
7.605187497020812759e-02 2.022270555815684767e-03 5.128914668028279654e-04
7.616309334953519361e-02 8.952882286444273363e-04 5.014575673601198973e-04
7.627431172886223187e-02 1.368683514309222693e-03 5.052073594916249751e-04
7.638553010818929789e-02 8.854696277590841380e-04 4.999843539230768019e-04
7.649674848751636391e-02 -2.842777058453746508e-04 4.895491856591030391e-04
7.660796686684340218e-02 8.073247755998567976e-04 5.036827181373771268e-04
7.671918524617046820e-02 1.457896358553256722e-03 5.083553554314848566e-04
7.683040362549753421e-02 5.991871971644802120e-04 5.001702150028887331e-04
7.694162200482457248e-02 2.200554905208082501e-04 4.932450734417492214e-04
7.705284038415163850e-02 7.325743787286974340e-04 4.993609457641555926e-04
7.716405876347870452e-02 9.885710885529919167e-04 5.025426577814869674e-04
7.727527714280574278e-02 6.623746406281272314e-04 5.016237685349985310e-04
7.738649552213280880e-02 7.836022703409592505e-04 5.033755928225532245e-04
7.749771390145987482e-02 1.938481697046391672e-04 4.952670532819134679e-04
7.760893228078691308e-02 1.210415700580329268e-03 5.059623775144429835e-04
7.772015066011397910e-02 1.283955116284114101e-03 5.060265261404491574e-04
7.783136903944104512e-02 1.584514473359697334e-03 5.093133293218972879e-04
7.794258741876808338e-02 4.928068973685285903e-04 4.955846317559675033e-04
7.805380579809514940e-02 8.219403115199107324e-04 5.004982393633283571e-04
7.816502417742221542e-02 1.395879713742817496e-03 5.078977988160299174e-04
7.827624255674925369e-02 1.301975868522819990e-03 5.044945419891314975e-04
7.838746093607631971e-02 1.777086385437980781e-03 5.130842374218093404e-04
7.849867931540338573e-02 -1.400178231495546877e-05 4.954588677361776699e-04
7.860989769473042399e-02 1.737154844689968447e-03 5.087628746723411258e-04
7.872111607405749001e-02 7.219477913746503994e-04 4.991847777312555462e-04
7.883233445338455603e-02 9.350849324716511979e-04 5.026324740992573923e-04
7.894355283271159429e-02 9.909188446712915987e-04 5.039014439431020731e-04
7.905477121203866031e-02 2.035350110452565503e-03 5.133258784200583945e-04
7.916598959136572633e-02 1.112640944698973372e-03 5.061213100973380001e-04
7.927720797069276459e-02 8.276094486217300261e-04 5.021400646218642698e-04
7.938842635001983061e-02 2.427389097776726234e-04 4.949943412643345109e-04
7.949964472934689663e-02 1.814662705503185258e-03 5.102655299199143537e-04
7.961086310867393490e-02 1.470979774516996408e-03 5.097967185371030498e-04
7.972208148800100092e-02 1.086251945771898181e-03 5.030651617092117989e-04
7.983329986732806693e-02 1.275777661744924990e-03 5.074862129619158151e-04
7.994451824665510520e-02 6.851876780863165595e-04 5.018854952215679463e-04
8.005573662598217122e-02 9.326626577946563190e-04 5.028403477794064595e-04
8.016695500530923724e-02 1.355607204915062342e-03 5.083411466650907071e-04
8.027817338463627550e-02 1.314168066845495392e-03 5.065436197873318409e-04
8.038939176396334152e-02 1.681252217268190685e-03 5.106280021819007689e-04
8.050061014329040754e-02 7.452577871024657075e-04 5.022324999900385466e-04
8.061182852261744580e-02 8.506013293823194710e-04 5.055104796578732381e-04
8.072304690194451182e-02 9.977242376055690809e-04 5.066032143165475829e-04
8.083426528127157784e-02 1.319378725696849358e-03 5.113215058676059618e-04
8.094548366059861610e-02 6.028218809297006264e-04 5.011597545362746512e-04
8.105670203992568212e-02 9.043188944423477538e-04 5.036358883298533602e-04
8.116792041925274814e-02 4.084263490913113415e-04 4.989241009432654472e-04
8.127913879857978641e-02 1.236748060971442492e-03 5.078396606476948084e-04
8.139035717790685243e-02 1.249105677951899834e-03 5.102025151911644338e-04
8.150157555723391845e-02 8.168967837249054009e-04 5.045213744888260880e-04
8.161279393656095671e-02 3.810173264439387086e-04 5.001568246858856346e-04
8.172401231588802273e-02 -3.867152276709751035e-04 4.921586571240293712e-04
8.183523069521508875e-02 9.217825013607752749e-04 5.047056600364040451e-04
8.194644907454212701e-02 1.640312628932730221e-03 5.133159224611868370e-04
8.205766745386919303e-02 3.757629566199342797e-04 4.976920949843268186e-04
8.216888583319625905e-02 7.863622378608027541e-04 5.060429892968299533e-04
8.228010421252329731e-02 1.684496534363155024e-03 5.162516523144584316e-04
8.239132259185036333e-02 6.566118658289966936e-04 5.025073373233962309e-04
8.250254097117742935e-02 9.339591576736222533e-04 5.050499314345577740e-04
8.261375935050446762e-02 8.886812683603743934e-04 5.048043252865610066e-04
8.272497772983153363e-02 1.111357954299705547e-03 5.076029844099103679e-04
8.283619610915859965e-02 1.011920902150666157e-03 5.067668581986735496e-04
8.294741448848563792e-02 6.989916070885386634e-04 5.054656156368745679e-04
8.305863286781270394e-02 5.649634246941218074e-04 5.026230176386679805e-04
8.316985124713976996e-02 5.429853352502400643e-04 5.022031973380502003e-04
8.328106962646680822e-02 1.341574527990194859e-03 5.083611683027654217e-04
8.339228800579387424e-02 6.339017283405155856e-04 5.014969103964010992e-04
8.350350638512094026e-02 1.170544440512257672e-03 5.099303281955015017e-04
8.361472476444797852e-02 8.787519058660667182e-04 5.043538015648199721e-04
8.372594314377504454e-02 2.069453396536302670e-03 5.186087830407660635e-04
8.383716152310211056e-02 1.462790359045125499e-03 5.110811385062611831e-04
8.394837990242914882e-02 4.587817319265004301e-04 4.977412226313932507e-04
8.405959828175621484e-02 8.455098363104665560e-04 5.027026460288171921e-04
8.417081666108328086e-02 1.158362350493023080e-03 5.101990562765687173e-04
8.428203504041031913e-02 5.179024945590297857e-04 5.065895473057920474e-04
8.439325341973738515e-02 3.074579123275855697e-07 4.944730844316731809e-04
8.450447179906445117e-02 5.254848544476199701e-04 5.042756888117215204e-04
8.461569017839148943e-02 1.261220120250327453e-03 5.100804715161473026e-04
8.472690855771855545e-02 5.752701782452789014e-04 5.025261077444994045e-04
8.483812693704562147e-02 7.758922697940172364e-04 5.057435356168308487e-04
8.494934531637265973e-02 5.732422148044293009e-04 5.052771392417018757e-04
8.506056369569972575e-02 7.188499998378311551e-04 5.049224772947442973e-04
8.517178207502679177e-02 2.290503340672059296e-04 4.989822069598202946e-04
8.528300045435383003e-02 6.434318004364218690e-04 5.045750740488879520e-04
8.539421883368089605e-02 8.115875180752553375e-04 5.070653992720258263e-04
8.550543721300796207e-02 1.874441449373348556e-03 5.162016041392844838e-04
8.561665559233500034e-02 6.216137752899746072e-04 5.029679046743614629e-04
8.572787397166206635e-02 3.249596339427347769e-04 5.058870714872864714e-04
8.583909235098913237e-02 7.443231432185046237e-04 5.055454028495902060e-04
8.595031073031617064e-02 1.552433234193358047e-04 4.978046763236115011e-04
8.606152910964323666e-02 1.708704618246927737e-03 5.120915457883114643e-04
8.617274748897030268e-02 1.333718179864700620e-03 5.124180591796195913e-04
8.628396586829734094e-02 1.011135720531911725e-03 5.072836358926580570e-04
8.639518424762440696e-02 1.355839433547108980e-03 5.108095611986191321e-04
8.650640262695147298e-02 1.468067005217257165e-03 5.115060472564469159e-04
8.661762100627851124e-02 1.016556780118256509e-03 5.062143410864054869e-04
8.672883938560557726e-02 1.400425835337969216e-03 5.121375024191972486e-04
8.684005776493264328e-02 7.951785447903418624e-04 5.058161516928111681e-04
8.695127614425968154e-02 2.888731301092378745e-04 4.995209569273144487e-04
8.706249452358674756e-02 1.878984555472387047e-03 5.152026565130506065e-04
8.717371290291381358e-02 4.662940775869220400e-04 5.006290918822860073e-04
8.728493128224085185e-02 1.535702950646332388e-03 5.116981627230626642e-04
8.739614966156791787e-02 1.417545021805549643e-03 5.109211754666246382e-04
8.750736804089498388e-02 9.385945173991348811e-04 5.030473904978825751e-04
8.761858642022202215e-02 1.268984660784115703e-03 5.110376015832389460e-04
8.772980479954908817e-02 5.789252740533538943e-04 5.057560933455003838e-04
8.784102317887615419e-02 1.131487190783545677e-03 5.099920285756743979e-04
8.795224155820319245e-02 1.326064791606167831e-03 5.129211250139431577e-04
8.806345993753025847e-02 4.147029524672538048e-04 5.035469180326327754e-04
8.817467831685732449e-02 1.456497244526420987e-03 5.143725571293683834e-04
8.828589669618436275e-02 9.055473185961004923e-04 5.063703175368071971e-04
8.839711507551142877e-02 1.304400095678337479e-03 5.117856817087826924e-04
8.850833345483849479e-02 1.061378425480180576e-03 5.100617741650313643e-04
8.861955183416553306e-02 1.217033249139479190e-03 5.094447458595673149e-04
8.873077021349259907e-02 1.633387894223615328e-03 5.122634120909518550e-04
8.884198859281966509e-02 6.479938589320673181e-04 5.029966753725857850e-04
8.895320697214670336e-02 1.225821301114232709e-03 5.125672075166741058e-04
8.906442535147376938e-02 1.513362870311861508e-03 5.118291261762777542e-04
8.917564373080083540e-02 8.335264241646350714e-04 5.071718909697938739e-04
8.928686211012787366e-02 9.970599949594323441e-04 5.084055550497888678e-04
8.939808048945493968e-02 -4.972668070470781521e-04 4.914142208474646866e-04
8.950929886878200570e-02 6.510012152986764666e-04 5.035018534941524716e-04
8.962051724810904396e-02 1.045359533714866618e-03 5.087764895815900671e-04
8.973173562743610998e-02 1.238037844542051735e-04 5.036804311699988497e-04
8.984295400676317600e-02 9.744734529572134096e-04 5.094931363145621455e-04
8.995417238609021426e-02 9.502006689879397006e-04 5.075323458856215685e-04
9.006539076541728028e-02 1.795330077946782205e-03 5.144138186717417491e-04
9.017660914474434630e-02 2.002975147347429985e-04 5.010160279413116606e-04
9.028782752407138457e-02 1.223009652446167134e-03 5.115699082652152294e-04
9.039904590339845059e-02 8.821676547449350259e-04 5.067484524795595789e-04
9.051026428272551660e-02 7.024344410647975767e-04 5.092425022958108755e-04
9.062148266205255487e-02 8.659061850753539680e-04 5.069495713028517340e-04
9.073270104137962089e-02 1.410637484478231146e-03 5.153735308883476739e-04
9.084391942070668691e-02 3.474457094148862557e-04 5.023480974483767424e-04
9.095513780003372517e-02 1.883569190182961262e-03 5.171424023859325743e-04
9.106635617936079119e-02 1.534890030421790647e-03 5.143771694855883226e-04
9.117757455868785721e-02 9.103769647728979231e-04 5.073388446575215248e-04
9.128879293801489547e-02 7.592075013603538647e-04 5.065260606356080612e-04
9.140001131734196149e-02 3.792773673160498848e-04 5.044591844133823133e-04
9.151122969666902751e-02 9.349723435770548874e-04 5.100664224943347565e-04
9.162244807599606577e-02 -5.579018115204927020e-04 4.933612124202109732e-04
9.173366645532313179e-02 2.342115647668147060e-04 5.057189913444445212e-04
9.184488483465019781e-02 5.404211808166317632e-04 5.052812393743331834e-04
9.195610321397723608e-02 1.229034687313550200e-03 5.115054388334256416e-04
9.206732159330430210e-02 3.197936068753126637e-04 5.055208496877716109e-04
9.217853997263136812e-02 5.617060879822867447e-04 5.053155942705553957e-04
9.228975835195840638e-02 7.137834132448610258e-04 5.073570097199137314e-04
9.240097673128547240e-02 1.155310119338132796e-03 5.098533843822602865e-04
9.251219511061253842e-02 6.161853632111954915e-04 5.081864814724985783e-04
9.262341348993957668e-02 -2.088097464017189819e-04 4.967690533146157297e-04
9.273463186926664270e-02 5.678815601158453130e-04 5.035056991610046022e-04
9.284585024859370872e-02 1.357829289310011345e-03 5.120449575720884819e-04
9.295706862792074698e-02 1.316675534032682449e-03 5.131211395864512933e-04
9.306828700724781300e-02 1.691740342732405561e-03 5.159140625523848424e-04
9.317950538657487902e-02 4.571722149670116864e-04 5.036301760928197160e-04
9.329072376590191729e-02 1.948498711871436695e-04 5.004462737284861521e-04
9.340194214522898331e-02 5.152339270498122736e-04 5.067017106613986785e-04
9.351316052455604932e-02 4.724160936550383938e-04 5.054900823375554344e-04
9.362437890388308759e-02 1.045973949061921454e-03 5.115956880875466815e-04
9.373559728321015361e-02 3.561875313521506436e-04 5.013371882142895596e-04
9.384681566253721963e-02 -2.824486118530311618e-04 4.975466890128025111e-04
9.395803404186425789e-02 8.357579609849820346e-04 5.057117837658370047e-04
9.406925242119132391e-02 6.371126878976889063e-04 5.037466171691141114e-04
9.418047080051838993e-02 6.270235533171533704e-04 5.059314203069262446e-04
9.429168917984542819e-02 5.279940562550738958e-04 5.046238030999052049e-04
9.440290755917249421e-02 5.767420160097957993e-06 5.000766516999342664e-04
9.451412593849956023e-02 8.632263113935306764e-04 5.063022936215483315e-04
9.462534431782659849e-02 -1.996511292225167100e-04 4.962475513183837485e-04
9.473656269715366451e-02 1.065818701624185461e-03 5.083773143179662552e-04
9.484778107648073053e-02 6.719035357566731370e-04 5.095350053601517548e-04
9.495899945580776880e-02 1.784186111888581838e-03 5.131867451025175567e-04
9.507021783513483482e-02 4.496026245383415165e-04 5.031245929221523239e-04
9.518143621446190084e-02 4.325609148250961211e-04 5.081554564812275354e-04
9.529265459378893910e-02 7.127221582226769825e-04 5.269129886206311460e-04
9.540387297311600512e-02 1.231058881359152479e-03 5.418358069904143310e-04
9.551509135244307114e-02 6.874076328554218351e-04 5.452025603833797300e-04
9.562630973177010940e-02 7.520466188174271260e-05 5.481688687656921175e-04
9.573752811109717542e-02 7.649574921361548818e-04 5.604748628158118945e-04
9.584874649042424144e-02 1.199736239111966196e-03 5.776844074862320065e-04
9.595996486975127970e-02 7.332058402578119083e-04 5.777943440570575476e-04
9.607118324907834572e-02 1.162332720489333421e-03 5.830129140728522886e-04
9.618240162840541174e-02 4.568742740602593777e-03 6.306164071628512537e-04
9.629362000773245001e-02 1.514282260089788723e-03 6.061790328056347122e-04
9.640483838705951602e-02 -7.790085131239091187e-05 5.931937075269966232e-04
9.651605676638658204e-02 -1.101805167462652224e-04 5.967881818851488752e-04
9.662727514571362031e-02 4.652626164826159649e-04 6.095216311279547149e-04
9.673849352504068633e-02 -4.134239486687403542e-04 6.105603618824417735e-04
9.684971190436775235e-02 1.171049815651203224e-03 6.266336116520369913e-04
9.696093028369479061e-02 5.035785396413500203e-04 6.246428057337382071e-04
9.707214866302185663e-02 4.145002694921698372e-04 6.335753385885957911e-04
9.718336704234892265e-02 -2.608713488829704497e-04 6.345842265965275604e-04
9.729458542167596091e-02 1.001034593979731324e-03 6.497685678354687532e-04
9.740580380100302693e-02 8.877307644191215208e-05 6.373455520491478135e-04
9.751702218033009295e-02 7.317705025547405207e-05 6.468154799932566415e-04
9.762824055965713121e-02 4.778332691819306421e-05 6.473614338036150434e-04
9.773945893898419723e-02 6.292103058514360303e-04 6.588545169891917496e-04
9.785067731831126325e-02 1.695261041793433288e-03 6.806533669306573300e-04
9.796189569763830152e-02 2.410127168089963579e-04 6.657339072184844221e-04
9.807311407696536754e-02 6.271786484120939198e-04 6.819013997580376015e-04
9.818433245629243356e-02 4.287009026144109058e-05 6.764285456880952648e-04
9.829555083561947182e-02 5.099499596067681717e-04 6.821290174691467490e-04
9.840676921494653784e-02 1.126722536137672592e-03 7.027778240051491855e-04
9.851798759427360386e-02 2.037260581486781408e-04 6.927150330025290924e-04
9.862920597360064212e-02 1.703484150922744689e-03 7.245558665276539837e-04
9.874042435292770814e-02 1.962846397453959363e-03 7.323793768447917161e-04
9.885164273225477416e-02 1.615307838188796002e-03 7.314866435698581543e-04
9.896286111158181242e-02 1.497173202904863998e-03 7.364255718774292796e-04
9.907407949090887844e-02 3.027916030176915074e-04 7.234465386239877357e-04
9.918529787023594446e-02 3.036706284906959263e-04 7.317070968987639213e-04
9.929651624956298273e-02 9.438147157788817632e-04 7.446553199212590721e-04
9.940773462889004874e-02 1.314584093201301429e-03 7.611353244903628799e-04
9.951895300821711476e-02 2.074150296683285877e-03 7.819258200216570691e-04
9.963017138754415303e-02 2.205505366086567276e-04 7.651955220339414464e-04
9.974138976687121905e-02 9.360050638728585615e-04 7.816066932875369820e-04
9.985260814619828507e-02 1.365418679160717436e-03 7.907206208156711876e-04
9.996382652552532333e-02 8.297331341491770429e-04 7.866491601915345669e-04
1.000750449048523893e-01 2.058130658371584709e-03 8.104492564494349084e-04
1.001862632841794554e-01 9.067499922706979965e-04 8.038175165366773277e-04
1.002974816635064936e-01 1.080743384888935288e-03 8.132643159429922119e-04
1.004087000428335597e-01 2.143016699477778841e-03 8.290161432749800071e-04
1.005199184221606257e-01 1.321932770263285067e-03 8.204465425846379839e-04
1.006311368014876639e-01 4.632774739974851452e-05 8.113580875080748760e-04
1.007423551808147300e-01 1.018943190081826600e-03 8.315829136574349545e-04
1.008535735601417960e-01 1.105156204286118771e-03 8.390143329357835572e-04
1.009647919394688342e-01 4.420040028643296148e-04 8.334690490783637539e-04
1.010760103187959003e-01 1.393499444732569648e-04 8.297766523945156398e-04
1.011872286981229663e-01 2.981381047208950252e-04 8.520190671966800531e-04
1.012984470774500045e-01 5.200928674023302944e-04 8.645557424288066164e-04
1.014096654567770706e-01 2.151187431816206641e-04 8.629443183054818362e-04
1.015208838361041366e-01 1.032056416381092745e-04 8.786787608454376839e-04
1.016321022154311748e-01 -3.706724938253268264e-04 8.749431525300008792e-04
1.017433205947582409e-01 8.154178508570121553e-04 8.987012845255179603e-04
1.018545389740853069e-01 8.030275544116845243e-04 9.223195974787216662e-04
1.019657573534123451e-01 2.806720537911009533e-03 9.654359830171702159e-04
1.020769757327394112e-01 -1.510875949657271289e-04 9.154399714613990508e-04
1.021881941120664772e-01 8.334832215090293150e-04 9.437363773126738672e-04
1.022994124913935154e-01 -5.764665572651969661e-04 9.354123524787933807e-04
1.024106308707205815e-01 1.228495114606983213e-03 9.742132675877168821e-04
1.025218492500476475e-01 1.068712559269643925e-03 9.837652776028852838e-04
1.026330676293746857e-01 2.841651516349207041e-03 1.041376009437295887e-03
1.027442860087017518e-01 8.552930137995795601e-04 1.004615924902483746e-03
1.028555043880288178e-01 1.282562136758751137e-03 1.023113988236730486e-03
1.029667227673558560e-01 2.317073991800880362e-03 1.062541629698321010e-03
1.030779411466829221e-01 2.697955322850491278e-04 1.023871246140734296e-03
1.031891595260099881e-01 4.882090119332216371e-04 1.055045571408378844e-03
1.033003779053370264e-01 6.270289145896279503e-04 1.090032417854055070e-03
1.034115962846640924e-01 1.962733437679241300e-04 1.080210775528314595e-03
1.035228146639911584e-01 -1.238842083357255541e-03 1.103821679125710584e-03
1.036340330433181967e-01 1.106379151044615400e-03 1.131125205109927709e-03
1.037452514226452627e-01 3.991544532506337284e-04 1.144636915413421371e-03
1.038564698019723287e-01 2.874470121786223964e-05 1.148108736004075725e-03
1.039676881812993670e-01 -7.377077592298809938e-04 1.147056397641929397e-03
1.040789065606264330e-01 1.028413808008110664e-03 1.220389137140527342e-03
1.041901249399534990e-01 -7.466125737763257275e-04 1.176882170448559101e-03
1.043013433192805373e-01 7.024845775641941348e-04 1.223848704223787611e-03
1.044125616986076033e-01 -5.926357416843469617e-04 1.216077253114260541e-03
1.045237800779346693e-01 -1.096451434103976746e-03 1.216533643385980237e-03
1.046349984572617076e-01 1.738500426136033172e-04 1.255674087609741536e-03
1.047462168365887736e-01 1.007650003351789891e-04 1.265705059093538004e-03
1.048574352159158396e-01 6.493274589172808031e-04 1.281564954352595225e-03
1.049686535952428779e-01 5.722561271831426433e-04 1.289839068813375660e-03
1.050798719745699439e-01 1.100841183062507833e-03 1.308807301699937758e-03
1.051910903538970099e-01 1.571431290009552700e-03 1.339023518087817605e-03
1.053023087332240482e-01 2.548113773487813150e-03 1.363499142814588502e-03
1.054135271125511142e-01 1.705119580080748792e-03 1.379700443353238867e-03
1.055247454918781802e-01 -5.171827735950713933e-04 1.311659642062492324e-03
1.056359638712052185e-01 1.220113179939644882e-03 1.390876587893697357e-03
1.057471822505322845e-01 3.314648959507997261e-04 1.386862087758224940e-03
1.058584006298593505e-01 4.490152605252581419e-04 1.416437958138218062e-03
1.059696190091863888e-01 2.257284522735443499e-03 1.453238490252893545e-03
1.060808373885134548e-01 3.606208601440060585e-03 1.517375376920705645e-03
1.061920557678405208e-01 2.801989510816983719e-03 1.516598972894325293e-03
1.063032741471675591e-01 5.800510215734598629e-04 1.457618086871603595e-03
1.064144925264946251e-01 1.580215694601629084e-03 1.533151592182365386e-03
1.065257109058216911e-01 -1.640057410138180682e-03 1.409000647994982638e-03
1.066369292851487294e-01 3.598746706638233928e-03 1.624080199818254142e-03
1.067481476644757954e-01 2.387906527341745327e-03 1.617297935788863461e-03
1.068593660438028614e-01 8.207806109258482252e-04 1.583216315450225106e-03
1.069705844231298997e-01 -2.841621478905098641e-03 1.464258002023823783e-03
1.070818028024569657e-01 -1.311339271351175811e-03 1.538497730450381386e-03
1.071930211817840317e-01 1.152807010562414275e-03 1.662348402614867134e-03
1.073042395611110700e-01 1.903931034563169367e-03 1.713466201804097816e-03
1.074154579404381360e-01 6.693358107949555491e-04 1.676064379955863977e-03
1.075266763197652020e-01 1.407646702955924617e-03 1.737911520433562751e-03
1.076378946990922403e-01 6.335744725757055940e-04 1.720842598518117434e-03
1.077491130784193063e-01 -1.542909614708216914e-03 1.673916727889501613e-03
1.078603314577463723e-01 2.681175379035699580e-03 1.869407877729771040e-03
1.079715498370734106e-01 -1.843786012155009674e-03 1.728930275518813543e-03
1.080827682164004766e-01 -1.086984138309578241e-03 1.802145021089093585e-03
1.081939865957275426e-01 4.043898532614768893e-04 1.924950200550056088e-03
1.083052049750545809e-01 1.012095519551375195e-03 1.945028995893016178e-03
1.084164233543816469e-01 5.076223943894578317e-04 1.960624651760659552e-03
1.085276417337087129e-01 2.269816136048659339e-03 2.098978761177264056e-03
1.086388601130357512e-01 2.173193324357770156e-03 2.128848136402327392e-03
1.087500784923628172e-01 3.659308326138796530e-03 2.221446051281346541e-03
1.088612968716898832e-01 2.099264806150344387e-03 2.246180715113211233e-03
1.089725152510169215e-01 3.385710683903090518e-03 2.324135416996757613e-03
1.090837336303439875e-01 7.598178199625903184e-04 2.283736999325309321e-03
1.091949520096710535e-01 -4.938293481573374777e-04 2.219594235329129528e-03
1.093061703889980918e-01 -1.176612951230539272e-03 2.295105321514157720e-03
1.094173887683251578e-01 -3.265776358291408443e-04 2.417136720776732420e-03
1.095286071476522238e-01 3.509277922159881324e-03 2.684846233828637723e-03
1.096398255269792621e-01 4.626983792606041007e-03 2.847457364726491916e-03
1.097510439063063281e-01 7.877724787895661052e-04 2.715662974638714550e-03
1.098622622856333941e-01 -3.059097791244316800e-04 2.693490092091542932e-03
1.099734806649604324e-01 8.890022029220019661e-04 2.963289579372021740e-03
1.100846990442874984e-01 -2.392366072015279094e-03 2.916335891014894179e-03
1.101959174236145644e-01 -2.103264722077662074e-03 3.054850203132881189e-03
1.103071358029416027e-01 7.506201882900645495e-04 3.568328577821556612e-03
1.104183541822686687e-01 1.756605306638011482e-03 3.635730638944484772e-03
1.105295725615957347e-01 1.093769545296200546e-02 4.624341522371937067e-03
1.106407909409227730e-01 -1.406126439957189334e-03 3.764016833466725560e-03
1.107520093202498390e-01 -3.982034925764595806e-03 4.267370241783022787e-03
1.108632276995769050e-01 5.845278145088901589e-03 5.844381299243330691e-03
1.109744460789039433e-01 1.606628157332510437e-03 6.197420614190423706e-03
1.110856644582310093e-01 -1.332348980711277678e-02 6.715097863607838620e-03
1.111968828375580753e-01 -6.502299711308393709e-03 1.162995251354289293e-02
