# q intensity propagated_error
8.972188982835325739e-05 0.000000000000000000e+00 0.000000000000000000e+00
2.009402691554100203e-04 0.000000000000000000e+00 0.000000000000000000e+00
3.121586484824668238e-04 0.000000000000000000e+00 0.000000000000000000e+00
4.233770278095235189e-04 0.000000000000000000e+00 0.000000000000000000e+00
5.345954071365803225e-04 0.000000000000000000e+00 0.000000000000000000e+00
6.458137864636371260e-04 0.000000000000000000e+00 0.000000000000000000e+00
7.570321657906938211e-04 0.000000000000000000e+00 0.000000000000000000e+00
8.682505451177505162e-04 0.000000000000000000e+00 0.000000000000000000e+00
9.794689244448074282e-04 0.000000000000000000e+00 0.000000000000000000e+00
1.090687303771864340e-03 1.309823661671946411e+02 5.351716104875468005e-01
1.201905683098920818e-03 9.333542950677519912e+01 7.589291329244952922e-02
1.313124062425977730e-03 7.117979863175249022e+01 4.255976311085670621e-02
1.424342441753034642e-03 5.481809127727864706e+01 3.031045180856562632e-02
1.535560821080091121e-03 4.219421041976276854e+01 2.427191561784935309e-02
1.646779200407148033e-03 3.311669954574426811e+01 2.026033028554044199e-02
1.757997579734204945e-03 2.681441680685037454e+01 1.745374515886745706e-02
1.869215959061261423e-03 2.143601133798856395e+01 1.488822866911629524e-02
1.980434338388318335e-03 1.766376374235625590e+01 1.295917283213098535e-02
2.091652717715374813e-03 1.504274340480141348e+01 1.149526897815728553e-02
2.202871097042431725e-03 1.244234638662868520e+01 9.996758614849591065e-03
2.314089476369488203e-03 1.053436741511080221e+01 8.938466954696050459e-03
2.425307855696545115e-03 8.886949283969057589e+00 7.965201954694065001e-03
2.536526235023602027e-03 7.716557685381677523e+00 7.203130048889280074e-03
2.647744614350658506e-03 6.641389447676742108e+00 6.520045295398158545e-03
2.758962993677715417e-03 5.724794883775436105e+00 5.903140500128013952e-03
2.870181373004772329e-03 5.000195201260415168e+00 5.357448056965342063e-03
2.981399752331828808e-03 4.402753470167612981e+00 4.887642413179646081e-03
3.092618131658885720e-03 3.842186203652054211e+00 4.482890237163516915e-03
3.203836510985942632e-03 3.427800713921624887e+00 4.129121432250409431e-03
3.315054890312999110e-03 3.086111465987096292e+00 3.821159764742260590e-03
3.426273269640056022e-03 2.738561490085117622e+00 3.535163670876993302e-03
3.537491648967112934e-03 2.395792601323634585e+00 3.251586611187375769e-03
3.648710028294169412e-03 2.145343670204743258e+00 3.009439444814775762e-03
3.759928407621226324e-03 1.942684782298943036e+00 2.813271864867183513e-03
3.871146786948283236e-03 1.803919664483913943e+00 2.670463082999215663e-03
3.982365166275340582e-03 1.657553578528402571e+00 2.507406968277836167e-03
4.093583545602396193e-03 1.509213867287553912e+00 2.354841180761593072e-03
4.204801924929453538e-03 1.346863551259405156e+00 2.189024211449770805e-03
4.316020304256510016e-03 1.205449189801289567e+00 2.035807993574874006e-03
4.427238683583566495e-03 1.089900108759682018e+00 1.901871613148484750e-03
4.538457062910623840e-03 9.896620434894423113e-01 1.823979735397356604e-03
4.649675442237680319e-03 9.177567092810616778e-01 1.839087297684313931e-03
4.760893821564736797e-03 8.451751050287609202e-01 1.806084199149228043e-03
4.872112200891794143e-03 7.772050103350853778e-01 1.759559251840454039e-03
4.983330580218850621e-03 7.152096095554694166e-01 1.703179353525027372e-03
5.094548959545907099e-03 6.499233864024993590e-01 1.626326583122064077e-03
5.205767338872964445e-03 6.017445594083780103e-01 1.575582028169833070e-03
5.316985718200020923e-03 5.604767214960871824e-01 1.528082005385414171e-03
5.428204097527077401e-03 5.211641307953263080e-01 1.468686567127917408e-03
5.539422476854134747e-03 4.829155918520436908e-01 1.409793911696130162e-03
5.650640856181191225e-03 4.545949171368073860e-01 1.370811031496743789e-03
5.761859235508247704e-03 4.283004134063345125e-01 1.328623926621379367e-03
5.873077614835305049e-03 3.972991090247718904e-01 1.276508881957011529e-03
5.984295994162361527e-03 3.643396311363897855e-01 1.218851677314017551e-03
6.095514373489418006e-03 3.399497532726472038e-01 1.174516801973210511e-03
6.206732752816475351e-03 3.171967085261466757e-01 1.128364257934121951e-03
6.317951132143531830e-03 3.009450435455033324e-01 1.100634046531080712e-03
6.429169511470588308e-03 2.946696127694288792e-01 1.043523480858558460e-03
6.540387890797645654e-03 2.804859865000284835e-01 9.802714419430657005e-04
6.651606270124702132e-03 2.648545709640151014e-01 9.363982933986197054e-04
6.762824649451758610e-03 2.515015774751285238e-01 8.969094677971720803e-04
6.874043028778815956e-03 2.377894081840528639e-01 8.542795903193524257e-04
6.985261408105872434e-03 2.257479956834713697e-01 8.208769979882438086e-04
7.096479787432928912e-03 2.159737892240475576e-01 7.953971513882258362e-04
7.207698166759986258e-03 2.043490300645509350e-01 7.626681610509482767e-04
7.318916546087042736e-03 1.946393831077241898e-01 7.344404705352709523e-04
7.430134925414099215e-03 1.881080260883655764e-01 7.153578558833352486e-04
7.541353304741156560e-03 1.798110257426819847e-01 6.919755581157075678e-04
7.652571684068213038e-03 1.705660631010672557e-01 6.636569712251605066e-04
7.763790063395270384e-03 1.648809920057258682e-01 6.491354632209884882e-04
7.875008442722326862e-03 1.571802352873052366e-01 6.287578584100079766e-04
7.986226822049382473e-03 1.491877160333627272e-01 6.068564513479995752e-04
8.097445201376439819e-03 1.439232810542031837e-01 5.947596997779011413e-04
8.208663580703497165e-03 1.392491800183874584e-01 5.824268337708630441e-04
8.319881960030552775e-03 1.332515005992824519e-01 5.644294742161026649e-04
8.431100339357610121e-03 1.271947652197425727e-01 5.481074260473823125e-04
8.542318718684667467e-03 1.209677082020378519e-01 5.331521919575608025e-04
8.653537098011723078e-03 1.141904573509603948e-01 5.145989477581914889e-04
8.764755477338780423e-03 1.106015095335836779e-01 5.036294966744083194e-04
8.875973856665837769e-03 1.067217670305521532e-01 4.929761128644746066e-04
8.987192235992893380e-03 1.022095848856891392e-01 4.795630534058799408e-04
9.098410615319950726e-03 9.973171157353943883e-02 4.706566320424469861e-04
9.209628994647008071e-03 9.684577023796596407e-02 4.633400388785116489e-04
9.320847373974063682e-03 9.226656691265316956e-02 4.506030190658370663e-04
9.432065753301121028e-03 9.010003423193380101e-02 4.407229663996456372e-04
9.543284132628178373e-03 8.706339655415364087e-02 4.324195774760268714e-04
9.654502511955233984e-03 8.394760626607011833e-02 4.232022104752892881e-04
9.765720891282291330e-03 8.233143468188712510e-02 4.161865284233492697e-04
9.876939270609348676e-03 8.014077888017032136e-02 4.083427910182638718e-04
9.988157649936404286e-03 7.767127337064577697e-02 3.999590288617245579e-04
1.009937602926346163e-02 7.731541744798654803e-02 3.978936467905439412e-04
1.021059440859051898e-02 7.446928073517178337e-02 3.876520494750047624e-04
1.032181278791757459e-02 7.277440074651463087e-02 3.833507275662979201e-04
1.043303116724463193e-02 7.096072251922823371e-02 3.768391073578099401e-04
1.054424954657168928e-02 6.942951613893523499e-02 3.697592585367648539e-04
1.065546792589874489e-02 6.691381496130621720e-02 3.622040198206435838e-04
1.076668630522580224e-02 6.586711105303219571e-02 3.583471249093375557e-04
1.087790468455285958e-02 6.553468357983141535e-02 3.549727628094419165e-04
1.098912306387991519e-02 6.335588381374308853e-02 3.474928647114279763e-04
1.110034144320697254e-02 6.272240688265565134e-02 3.456235211921776128e-04
1.121155982253402988e-02 6.169254743816734998e-02 3.405716950103680665e-04
1.132277820186108550e-02 5.949215338581587131e-02 3.324856941720993994e-04
1.143399658118814284e-02 5.810109451192856100e-02 3.277771571079408225e-04
1.154521496051520019e-02 5.757143307339916000e-02 3.252780882629537204e-04
1.165643333984225580e-02 5.665956418454452803e-02 3.208454642054173731e-04
1.176765171916931314e-02 5.608095786611336231e-02 3.189019540849874620e-04
1.187887009849637049e-02 5.560535072517295424e-02 3.159393711482587179e-04
1.199008847782342610e-02 5.434119952873081583e-02 3.100072531456440428e-04
1.210130685715048345e-02 5.385072486186270185e-02 3.080783291320308070e-04
1.221252523647754079e-02 5.277094397952972887e-02 3.044972521298226439e-04
1.232374361580459640e-02 5.238614551380012946e-02 3.017612348461033386e-04
1.243496199513165375e-02 5.252318406080506291e-02 3.004919685610774310e-04
1.254618037445871109e-02 5.212725659819493484e-02 2.983326206179397460e-04
1.265739875378576670e-02 5.046678348690054189e-02 2.925847200937667630e-04
1.276861713311282405e-02 4.885709645486801395e-02 2.865363474037385303e-04
1.287983551243988140e-02 4.763840724007770144e-02 2.825412998852344605e-04
1.299105389176693701e-02 4.730793381569568107e-02 2.806437362510829031e-04
1.310227227109399435e-02 4.669308259016929225e-02 2.774104930999065710e-04
1.321349065042105170e-02 4.582799210116540040e-02 2.741287529716597430e-04
1.332470902974810731e-02 4.548999471694387120e-02 2.726798646704160604e-04
1.343592740907516465e-02 4.522626517282631736e-02 2.695473753503893600e-04
1.354714578840222200e-02 4.460042920138674455e-02 2.668065317629956363e-04
1.365836416772927761e-02 4.427993188472717501e-02 2.659893100818045840e-04
1.376958254705633496e-02 4.328381318435969849e-02 2.614514643722280090e-04
1.388080092638339230e-02 4.313506541940356070e-02 2.600045936682428608e-04
1.399201930571044791e-02 4.202299771434137021e-02 2.557656255502774052e-04
1.410323768503750526e-02 4.170426238265915325e-02 2.536517524235944870e-04
1.421445606436456260e-02 4.183350908003896640e-02 2.532665675669837379e-04
1.432567444369161822e-02 4.142311376371066861e-02 2.518469567112846443e-04
1.443689282301867556e-02 4.083803858252713082e-02 2.489703515418429953e-04
1.454811120234573291e-02 4.050423249583248730e-02 2.471123306729415721e-04
1.465932958167278852e-02 4.011730081404114162e-02 2.453822378334772399e-04
1.477054796099984586e-02 3.929480476358967328e-02 2.421227738095504771e-04
1.488176634032690321e-02 3.897040145124696514e-02 2.399410621138859734e-04
1.499298471965395882e-02 3.919277051734344763e-02 2.392921966400023484e-04
1.510420309898101617e-02 3.894393296556850070e-02 2.385212966727540465e-04
1.521542147830807351e-02 3.884440438019987757e-02 2.370571633765803754e-04
1.532663985763512912e-02 3.824219392013684243e-02 2.338495306809237960e-04
1.543785823696218647e-02 3.826388738279156571e-02 2.339823855924198749e-04
1.554907661628924381e-02 3.759239986611836309e-02 2.311804518327495385e-04
1.566029499561629942e-02 3.738068394870962263e-02 2.298195475336509358e-04
1.577151337494335503e-02 3.729485855821521728e-02 2.295309481513696525e-04
1.588273175427041412e-02 3.653371191382039085e-02 2.261590981485014798e-04
1.599395013359746973e-02 3.678123827497934567e-02 2.256237415291203791e-04
1.610516851292452534e-02 3.625093732193476748e-02 2.237232200562862348e-04
1.621638689225158442e-02 3.577140119629540482e-02 2.218730068266213621e-04
1.632760527157864003e-02 3.624240900682221267e-02 2.224201779427023226e-04
1.643882365090569564e-02 3.591179289998239904e-02 2.201127243456512859e-04
1.655004203023275472e-02 3.541729302307855543e-02 2.184726237359181308e-04
1.666126040955981033e-02 3.515200047936030414e-02 2.172119174696084554e-04
1.677247878888686594e-02 3.506600509938345017e-02 2.158005413176433934e-04
1.688369716821392502e-02 3.472449430055560976e-02 2.145279639562336295e-04
1.699491554754098063e-02 3.443279976275438053e-02 2.129921690779777298e-04
1.710613392686803624e-02 3.436271850487071511e-02 2.117277955138343183e-04
1.721735230619509532e-02 3.393940706120104206e-02 2.102289681496443503e-04
1.732857068552215093e-02 3.382459084091762186e-02 2.095423266293877423e-04
1.743978906484920655e-02 3.375048933475659901e-02 2.081579375156968493e-04
1.755100744417626563e-02 3.331041679474418954e-02 2.061649747745112715e-04
1.766222582350332124e-02 3.318233711142908049e-02 2.055378027524546185e-04
1.777344420283037685e-02 3.332407205568439779e-02 2.052449495741367038e-04
1.788466258215743593e-02 3.335616586714505727e-02 2.044170029978770707e-04
1.799588096148449154e-02 3.301648901084355131e-02 2.030963007600495370e-04
1.810709934081154715e-02 3.307422539497495428e-02 2.028207789565012842e-04
1.821831772013860623e-02 3.277991309243920293e-02 2.008846799222745660e-04
1.832953609946566184e-02 3.245301286790974737e-02 2.000959027463828700e-04
1.844075447879271745e-02 3.235463961704408697e-02 1.991282555167336345e-04
1.855197285811977653e-02 3.242332483247226810e-02 1.984419174183006088e-04
1.866319123744683214e-02 3.255171094444023888e-02 1.986311915405144905e-04
1.877440961677388775e-02 3.254824158002782297e-02 1.981885174458744992e-04
1.888562799610094683e-02 3.191690402653684505e-02 1.953586580499063093e-04
1.899684637542800245e-02 3.160390156785423954e-02 1.938428072214546966e-04
1.910806475475505806e-02 3.177409807003840625e-02 1.943247917708179411e-04
1.921928313408211714e-02 3.159969522089215582e-02 1.930391505436750664e-04
1.933050151340917275e-02 3.142778789326095001e-02 1.918752051724674100e-04
1.944171989273622836e-02 3.131220586091312125e-02 1.912300897196684863e-04
1.955293827206328744e-02 3.139014642020170054e-02 1.910549924445262629e-04
1.966415665139034305e-02 3.101873614954797631e-02 1.890324231817787110e-04
1.977537503071739866e-02 3.094572768156375955e-02 1.889243575139325844e-04
1.988659341004445774e-02 3.099594230271344314e-02 1.887125402681263302e-04
1.999781178937151335e-02 3.071073916121994790e-02 1.865728361349288744e-04
2.010903016869856896e-02 3.092539027041097885e-02 1.872933853060830165e-04
2.022024854802562804e-02 3.102629948429986434e-02 1.908717182976776676e-04
2.033146692735268365e-02 3.088271145803121731e-02 1.931789640718714466e-04
2.044268530667973927e-02 3.046940563659458756e-02 1.934720825409890247e-04
2.055390368600679835e-02 3.070439604426635286e-02 1.957821606390708151e-04
2.066512206533385396e-02 3.095909114484783620e-02 1.978329360617146846e-04
2.077634044466090957e-02 3.000628774266314233e-02 1.947605218664420540e-04
2.088755882398796865e-02 2.988056229711781239e-02 1.950335144475347574e-04
2.099877720331502426e-02 2.990048207217998674e-02 1.952574061637229932e-04
2.110999558264207987e-02 3.014528331061486210e-02 1.957270486931948804e-04
2.122121396196913895e-02 2.969471726765224653e-02 1.943946232702236493e-04
2.133243234129619456e-02 2.983666243191300527e-02 1.954377936628903377e-04
2.144365072062325017e-02 2.939211382874103509e-02 1.933673684914465919e-04
2.155486909995030925e-02 2.956302595836996297e-02 1.940944245614394873e-04
2.166608747927736486e-02 2.924994488533309150e-02 1.931730884312859368e-04
2.177730585860442047e-02 2.954204062617962409e-02 1.938236945847920847e-04
2.188852423793147955e-02 2.923374492028740779e-02 1.927006239333242720e-04
2.199974261725853517e-02 2.924625263560992269e-02 1.911514943433182605e-04
2.211096099658559078e-02 2.928474912556702087e-02 1.865491039001763508e-04
2.222217937591264986e-02 2.956322881189227259e-02 1.844537352383755302e-04
2.233339775523970547e-02 2.917428037456134063e-02 1.815363628992198346e-04
2.244461613456676108e-02 2.920864933260835378e-02 1.803988412350620413e-04
2.255583451389382016e-02 2.902543058785277130e-02 1.783319973688640356e-04
2.266705289322087577e-02 2.897257297099610149e-02 1.777894508722180345e-04
2.277827127254793138e-02 2.870785365837756967e-02 1.764210353265673113e-04
2.288948965187499046e-02 2.887027044749223073e-02 1.759873193819912391e-04
2.300070803120204607e-02 2.896199714479254228e-02 1.758234622905344396e-04
2.311192641052910168e-02 2.839783054473631399e-02 1.737470846650607714e-04
2.322314478985616076e-02 2.880213602368852585e-02 1.743309661970973928e-04
2.333436316918321637e-02 2.872525750569631525e-02 1.734178793411172927e-04
2.344558154851027199e-02 2.865715471233240899e-02 1.729944339349223279e-04
2.355679992783733107e-02 2.840557934808504714e-02 1.715293468247247187e-04
2.366801830716438668e-02 2.830128959434436223e-02 1.705261215256666458e-04
2.377923668649144229e-02 2.806441132757528725e-02 1.696273014080344570e-04
2.389045506581850137e-02 2.830370277438848045e-02 1.702076651020530953e-04
2.400167344514555698e-02 2.825365268219138734e-02 1.691072523869850013e-04
2.411289182447261259e-02 2.816278630566206378e-02 1.685772108867217094e-04
2.422411020379967167e-02 2.836178542886195336e-02 1.690767607345032965e-04
2.433532858312672728e-02 2.827969585172446926e-02 1.680415176112114194e-04
2.444654696245378289e-02 2.791816151889203387e-02 1.660565369914264065e-04
2.455776534178084197e-02 2.825041576835877338e-02 1.671564910839091437e-04
2.466898372110789758e-02 2.865147521177526316e-02 1.680703408370227579e-04
2.478020210043495319e-02 2.819968163864966168e-02 1.659197896650083722e-04
2.489142047976201227e-02 2.793205662441744855e-02 1.652940231902767050e-04
2.500263885908906789e-02 2.803748098227874103e-02 1.651534043281127075e-04
2.511385723841612350e-02 2.794718963877745183e-02 1.638324421233606674e-04
2.522507561774318258e-02 2.833896729457035038e-02 1.650938561970956438e-04
2.533629399707023819e-02 2.792504461223177525e-02 1.637537701150123311e-04
2.544751237639729380e-02 2.800601854940943866e-02 1.632857445456533405e-04
2.555873075572435288e-02 2.763845737600080857e-02 1.616443234113516131e-04
2.566994913505140849e-02 2.740425272605128207e-02 1.609468431460830897e-04
2.578116751437846410e-02 2.701950759875598046e-02 1.590210724287133032e-04
2.589238589370552318e-02 2.727373255324608281e-02 1.594405689171445191e-04
2.600360427303257879e-02 2.701594001697965597e-02 1.585335616393741766e-04
2.611482265235963440e-02 2.725899813720715839e-02 1.588677484951632652e-04
2.622604103168669348e-02 2.711074913466495623e-02 1.579291837742315217e-04
2.633725941101374909e-02 2.723017929064028980e-02 1.582112901553386734e-04
2.644847779034080471e-02 2.723407475099878100e-02 1.578753096632995619e-04
2.655969616966786379e-02 2.745878375308101471e-02 1.580513746693361463e-04
2.667091454899491940e-02 2.691790922777108352e-02 1.561388907357861297e-04
2.678213292832197501e-02 2.734502884534158532e-02 1.574578896801952449e-04
2.689335130764903409e-02 2.700527895186038627e-02 1.557875501984800693e-04
2.700456968697608970e-02 2.677566607223886425e-02 1.545503709263573266e-04
2.711578806630314531e-02 2.690824478452237545e-02 1.548146510162398031e-04
2.722700644563020439e-02 2.698180341499418350e-02 1.546008711800766632e-04
2.733822482495726000e-02 2.720785977881396561e-02 1.550094908559004740e-04
2.744944320428431561e-02 2.673156994115758259e-02 1.533255483671489168e-04
2.756066158361137469e-02 2.677020895771420675e-02 1.530873045815660163e-04
2.767187996293843030e-02 2.659569322977280159e-02 1.521200110927790937e-04
2.778309834226548591e-02 2.700138615202384365e-02 1.534081496688332951e-04
2.789431672159254499e-02 2.683284745061629076e-02 1.527306940806894984e-04
2.800553510091960061e-02 2.665301033794977709e-02 1.515831835771562454e-04
2.811675348024665622e-02 2.681144366105338295e-02 1.519483143416477120e-04
2.822797185957371530e-02 2.677244048815549324e-02 1.517039244709075894e-04
2.833919023890077091e-02 2.661715418341578654e-02 1.506180192855273447e-04
2.845040861822782652e-02 2.661263795917276354e-02 1.499992256041305630e-04
2.856162699755488560e-02 2.668661049987892248e-02 1.503327323480892186e-04
2.867284537688194121e-02 2.656579242854369138e-02 1.497809985985646168e-04
2.878406375620899682e-02 2.672996129370301677e-02 1.496916554822199351e-04
2.889528213553605590e-02 2.660998995483545779e-02 1.494569691995218676e-04
2.900650051486311151e-02 2.662817902921732136e-02 1.491074951331498877e-04
2.911771889419016712e-02 2.637734579019173145e-02 1.477828699955497521e-04
2.922893727351722620e-02 2.630005901220002634e-02 1.474822146873667019e-04
2.934015565284428181e-02 2.643371683980244580e-02 1.477305633667091826e-04
2.945137403217133742e-02 2.619622924226836652e-02 1.464050702629894965e-04
2.956259241149839651e-02 2.650337137048360339e-02 1.470495744764201368e-04
2.967381079082545212e-02 2.638932443418791698e-02 1.467409461174061481e-04
2.978502917015250773e-02 2.649759477864698648e-02 1.467981152152265597e-04
2.989624754947956681e-02 2.623388701334389977e-02 1.455056740907371244e-04
3.000746592880662242e-02 2.627213969986522471e-02 1.456026046771700358e-04
3.011868430813367803e-02 2.628136761438008145e-02 1.454544495181336742e-04
3.022990268746073711e-02 2.598851389002967624e-02 1.440062653748005745e-04
3.034112106678779272e-02 2.603650981160548702e-02 1.442996080110908242e-04
3.045233944611484833e-02 2.631090007237651962e-02 1.448385581280257819e-04
3.056355782544190741e-02 2.625245710105868907e-02 1.440209843998330446e-04
3.067477620476896302e-02 2.629962941784829214e-02 1.442558863575895453e-04
3.078599458409601863e-02 2.596031407400002655e-02 1.430378107536074716e-04
3.089721296342307771e-02 2.624509888866364410e-02 1.433369229986446213e-04
3.100843134275013332e-02 2.648046995663413949e-02 1.437429168265312866e-04
3.111964972207718894e-02 2.618414426517378865e-02 1.451188730334141319e-04
3.123086810140424802e-02 2.599215780150604393e-02 1.464709989392123262e-04
3.134208648073130710e-02 2.574592148639189698e-02 1.467845542569446305e-04
3.145330486005835924e-02 2.579315078562301536e-02 1.479291053480940579e-04
3.156452323938541138e-02 2.630863017243138119e-02 1.498774626915562404e-04
3.167574161871247740e-02 2.573919336023774637e-02 1.480007426992866121e-04
3.178695999803952954e-02 2.565540313904680209e-02 1.482266426099423636e-04
3.189817837736658168e-02 2.600630957475520005e-02 1.495089611091146228e-04
3.200939675669364770e-02 2.607833601338381199e-02 1.494022187765457928e-04
3.212061513602069984e-02 2.579191650107221651e-02 1.486758094043325344e-04
3.223183351534775198e-02 2.577398519059648577e-02 1.488961046502033036e-04
3.234305189467481800e-02 2.578244150521395717e-02 1.488989593506325816e-04
3.245427027400187014e-02 2.579751762877210974e-02 1.489015669203567994e-04
3.256548865332892229e-02 2.551297742656319020e-02 1.480427369649581107e-04
3.267670703265598831e-02 2.573587781116081635e-02 1.488212530183688606e-04
3.278792541198304045e-02 2.558398652733577874e-02 1.482752542115963661e-04
3.289914379131009259e-02 2.557531213123066111e-02 1.477158955256318445e-04
3.301036217063715861e-02 2.578325347479018884e-02 1.452043944579847095e-04
3.312158054996421075e-02 2.581507963504912212e-02 1.431716633746422072e-04
3.323279892929126289e-02 2.575475932499067533e-02 1.421462163499398934e-04
3.334401730861832891e-02 2.559168023624643767e-02 1.412331604588467249e-04
3.345523568794538105e-02 2.567839579110150344e-02 1.408543696169352202e-04
3.356645406727243319e-02 2.562652310481825305e-02 1.400559166026623824e-04
3.367767244659949921e-02 2.585647385910462906e-02 1.405452505264261868e-04
3.378889082592655135e-02 2.558505052250329564e-02 1.392118407322562258e-04
3.390010920525360349e-02 2.567475223458383707e-02 1.390984055141072809e-04
3.401132758458066951e-02 2.569220290296462400e-02 1.388924998830695873e-04
3.412254596390772166e-02 2.556890846053778282e-02 1.383676401492628610e-04
3.423376434323477380e-02 2.531792832420092995e-02 1.371645741271881500e-04
3.434498272256183982e-02 2.555302430438875436e-02 1.376902363276703422e-04
3.445620110188889196e-02 2.575589181979950557e-02 1.381744167302297467e-04
3.456741948121594410e-02 2.561002655535192865e-02 1.368906930467285389e-04
3.467863786054301012e-02 2.553177136694679411e-02 1.366440902530757122e-04
3.478985623987006226e-02 2.549527051414527887e-02 1.364388985495077053e-04
3.490107461919711440e-02 2.537005314925307869e-02 1.355829869368425033e-04
3.501229299852418042e-02 2.548603350387160238e-02 1.356100711345314090e-04
3.512351137785123256e-02 2.559664223119488893e-02 1.357430276695042657e-04
3.523472975717828470e-02 2.566231096988660573e-02 1.355567484564463980e-04
3.534594813650535072e-02 2.543382138600011610e-02 1.346677590282797259e-04
3.545716651583240286e-02 2.547361543537474474e-02 1.347602499923206175e-04
3.556838489515945501e-02 2.558595383409099228e-02 1.347745487936006722e-04
3.567960327448652103e-02 2.567360752823656320e-02 1.346206776147185766e-04
3.579082165381357317e-02 2.559272629053261847e-02 1.343511632143408073e-04
3.590204003314062531e-02 2.534180673936627104e-02 1.335218450367791829e-04
3.601325841246769133e-02 2.558659916427977882e-02 1.337771570337345842e-04
3.612447679179474347e-02 2.529479266698455089e-02 1.328202081348882769e-04
3.623569517112179561e-02 2.512843722428210677e-02 1.322168873765153089e-04
3.634691355044886163e-02 2.525683913962960964e-02 1.321951780537013849e-04
3.645813192977591377e-02 2.510773728523708545e-02 1.314471963623176586e-04
3.656935030910296591e-02 2.499130483485172832e-02 1.309817087588431041e-04
3.668056868843003193e-02 2.550999950348181028e-02 1.323889204011894207e-04
3.679178706775708407e-02 2.511810088514617248e-02 1.307873724969849105e-04
3.690300544708413621e-02 2.524809351291752713e-02 1.311234301128978783e-04
3.701422382641120223e-02 2.505053826024422614e-02 1.304839993997585379e-04
3.712544220573825438e-02 2.535740645466344825e-02 1.310170000486582712e-04
3.723666058506530652e-02 2.516144422727828803e-02 1.301087951430148350e-04
3.734787896439237254e-02 2.523319441189706205e-02 1.302563749586182259e-04
3.745909734371942468e-02 2.500850569047540981e-02 1.294427631263060012e-04
3.757031572304647682e-02 2.510171238416442768e-02 1.294259906694569383e-04
3.768153410237354284e-02 2.515593889980927145e-02 1.295464857988426369e-04
3.779275248170059498e-02 2.518539998966302235e-02 1.290836446726726641e-04
3.790397086102764712e-02 2.502166358308262686e-02 1.283553230399577395e-04
3.801518924035471314e-02 2.510415628134188282e-02 1.286841103475938586e-04
3.812640761968176528e-02 2.504874482883913747e-02 1.283352008071756941e-04
3.823762599900881742e-02 2.491459949700311136e-02 1.276740329854544127e-04
3.834884437833588344e-02 2.509561081715033434e-02 1.282095269037846603e-04
3.846006275766293558e-02 2.497945622242258093e-02 1.276511560360626529e-04
3.857128113698998773e-02 2.532595858383722073e-02 1.280782964708073249e-04
3.868249951631705374e-02 2.492218225317547470e-02 1.269078285655160802e-04
3.879371789564410589e-02 2.498092929339790907e-02 1.271517654514254592e-04
3.890493627497115803e-02 2.489316976296097536e-02 1.264975767130729596e-04
3.901615465429822405e-02 2.485698050378496241e-02 1.260735990588578148e-04
3.912737303362527619e-02 2.484089893173235461e-02 1.260229578800102761e-04
3.923859141295232833e-02 2.493339688368717208e-02 1.261840366791102124e-04
3.934980979227939435e-02 2.506037713807280146e-02 1.261780618202372538e-04
3.946102817160644649e-02 2.474520180283623291e-02 1.254009898088483403e-04
3.957224655093349863e-02 2.456358688451708294e-02 1.245097449413411672e-04
3.968346493026056465e-02 2.490312810035465174e-02 1.251390771350344936e-04
3.979468330958761679e-02 2.491254594482645787e-02 1.253328008521297280e-04
3.990590168891466893e-02 2.458085251187916431e-02 1.242070089483983495e-04
4.001712006824173495e-02 2.491434771433973308e-02 1.246504166667363725e-04
4.012833844756878710e-02 2.470227499756279602e-02 1.240918625635520258e-04
4.023955682689583924e-02 2.459799910506589929e-02 1.237455906880841137e-04
4.035077520622290526e-02 2.454433979758051387e-02 1.233063131866864929e-04
4.046199358554995740e-02 2.478016239762537501e-02 1.236408957810241477e-04
4.057321196487700954e-02 2.464269577127243052e-02 1.231565442652298608e-04
4.068443034420407556e-02 2.481756743693808859e-02 1.236081189242460338e-04
4.079564872353112770e-02 2.478449169376388886e-02 1.230036807138527996e-04
4.090686710285817984e-02 2.479485840129351873e-02 1.231034833357686018e-04
4.101808548218524586e-02 2.464092874385700321e-02 1.225066059399301853e-04
4.112930386151229800e-02 2.469470516068374144e-02 1.223552984423882238e-04
4.124052224083935014e-02 2.452569252965283372e-02 1.219772143665353746e-04
4.135174062016641616e-02 2.487341325620158819e-02 1.228723589462883269e-04
4.146295899949346830e-02 2.459545773960099962e-02 1.216298065680324937e-04
4.157417737882052045e-02 2.471585236411776715e-02 1.216981001246238690e-04
4.168539575814758646e-02 2.482590066391502856e-02 1.220573415514637886e-04
4.179661413747463861e-02 2.463823237691598403e-02 1.212978845606298362e-04
4.190783251680169075e-02 2.452128190669253596e-02 1.206697690205481348e-04
4.201905089612875677e-02 2.456968566848853619e-02 1.208140029914521777e-04
4.213026927545580891e-02 2.461563141855345124e-02 1.208639211736914148e-04
4.224148765478286105e-02 2.458286823803248339e-02 1.208189963641467812e-04
4.235270603410992707e-02 2.459000496612085904e-02 1.229453749451306442e-04
4.246392441343697921e-02 2.484730005664624944e-02 1.248211176341445074e-04
4.257514279276403135e-02 2.442596744082714197e-02 1.239478804511302270e-04
4.268636117209109737e-02 2.487343189515429931e-02 1.256252611612461434e-04
4.279757955141814951e-02 2.476937540014258546e-02 1.254845873958442383e-04
4.290879793074520165e-02 2.461759476483682194e-02 1.252329515266366138e-04
4.302001631007226767e-02 2.431044382031713816e-02 1.245093942567442188e-04
4.313123468939931981e-02 2.428388158681634920e-02 1.244997684740977264e-04
4.324245306872637196e-02 2.441748391488053616e-02 1.250561922234162107e-04
4.335367144805343798e-02 2.439429995281015146e-02 1.249975358697803622e-04
4.346488982738049012e-02 2.442684267735305281e-02 1.253324249375368442e-04
4.357610820670754226e-02 2.440052367914826922e-02 1.253648896956801261e-04
4.368732658603460828e-02 2.438277767152269293e-02 1.251573275784705964e-04
4.379854496536166042e-02 2.457717426693803442e-02 1.258950768411108397e-04
4.390976334468871256e-02 2.439095591587232478e-02 1.254761230616241398e-04
4.402098172401577858e-02 2.434161667618727626e-02 1.251010334530634738e-04
4.413220010334283072e-02 2.438207506817895512e-02 1.253538987246147522e-04
4.424341848266988286e-02 2.431401707492872669e-02 1.252228071796754501e-04
4.435463686199694888e-02 2.421649553154884768e-02 1.249492151086462673e-04
4.446585524132400102e-02 2.446535312015268859e-02 1.255438234584843843e-04
4.457707362065105317e-02 2.448685336699819859e-02 1.256096426126079521e-04
4.468829199997811918e-02 2.432017737345113645e-02 1.254101830356412568e-04
4.479951037930517133e-02 2.424013411981333285e-02 1.250372212514144494e-04
4.491072875863222347e-02 2.456912942066817249e-02 1.260636460265916400e-04
4.502194713795928949e-02 2.434639319233912469e-02 1.258206413050506878e-04
4.513316551728634163e-02 2.457192468640301275e-02 1.286440307932052492e-04
4.524438389661339377e-02 2.458302348319177030e-02 1.304036214774726928e-04
4.535560227594045979e-02 2.439771120357686618e-02 1.308294553705584577e-04
4.546682065526751193e-02 2.430234228441948904e-02 1.309822932954438405e-04
4.557803903459456407e-02 2.444022214464482493e-02 1.320215786748999787e-04
4.568925741392163009e-02 2.462305237511512590e-02 1.310719603378979279e-04
4.580047579324868223e-02 2.455918111860952435e-02 1.293563709718389000e-04
4.591169417257573437e-02 2.459758580822989094e-02 1.291502262270286146e-04
4.602291255190280039e-02 2.452999594032496261e-02 1.290878112699703434e-04
4.613413093122985253e-02 2.455083146887015663e-02 1.291688248186119914e-04
4.624534931055690468e-02 2.436743831642429123e-02 1.282721356633179761e-04
4.635656768988397070e-02 2.455420146339256163e-02 1.287474818276977955e-04
4.646778606921102284e-02 2.436096343114634369e-02 1.281422427744026123e-04
4.657900444853807498e-02 2.435220615480687689e-02 1.277285501958252002e-04
4.669022282786514100e-02 2.413130159173043285e-02 1.269168259350041757e-04
4.680144120719219314e-02 2.441943104459312272e-02 1.277919274057467177e-04
4.691265958651924528e-02 2.448279777267691956e-02 1.275393573336456915e-04
4.702387796584631130e-02 2.470046712475712156e-02 1.278964682020661844e-04
4.713509634517336344e-02 2.432802750945255513e-02 1.268834754899803951e-04
4.724631472450041558e-02 2.451568475848759504e-02 1.273353340759500766e-04
4.735753310382748160e-02 2.432963500842859686e-02 1.267162595712691532e-04
4.746875148315453374e-02 2.438028720290540130e-02 1.269126515922206844e-04
4.757996986248158588e-02 2.445587769097679748e-02 1.269932865277650241e-04
4.769118824180865190e-02 2.426675542926702567e-02 1.262309408859729092e-04
4.780240662113570405e-02 2.423691437389861522e-02 1.261856268243839415e-04
4.791362500046275619e-02 2.423204037416874443e-02 1.261419632953230904e-04
4.802484337978982221e-02 2.433461622639594354e-02 1.261144382737283774e-04
4.813606175911687435e-02 2.438251633967072202e-02 1.262459871977901027e-04
4.824728013844392649e-02 2.424933693641686747e-02 1.260677636506959531e-04
4.835849851777099251e-02 2.427118101475429085e-02 1.259057254564896890e-04
4.846971689709804465e-02 2.421185927742763866e-02 1.254903588703062945e-04
4.858093527642509679e-02 2.402932441567556462e-02 1.249020962553962905e-04
4.869215365575216281e-02 2.666895087642725398e-02 1.320193645535274591e-04
4.880337203507921495e-02 2.489342745829575820e-02 1.267571880177966912e-04
4.891459041440626709e-02 2.438627455134763714e-02 1.259401812135622532e-04
4.902580879373333311e-02 2.399643825457730903e-02 1.247221093625131753e-04
4.913702717306038525e-02 2.404807796820682131e-02 1.246885525919175057e-04
4.924824555238743740e-02 2.408047837646670741e-02 1.248304639585772413e-04
4.935946393171450342e-02 2.384015324073807812e-02 1.239907162267194635e-04
4.947068231104155556e-02 2.404572664673092913e-02 1.242163138010599977e-04
4.958190069036860770e-02 2.426427723022811511e-02 1.246434654238814477e-04
4.969311906969567372e-02 2.403402146488435934e-02 1.240314298151176393e-04
4.980433744902272586e-02 2.407268014836327907e-02 1.237801215606381398e-04
4.991555582834977800e-02 2.395557189883062293e-02 1.231202783641498460e-04
5.002677420767684402e-02 2.419126076279461135e-02 1.239117623880381846e-04
5.013799258700389616e-02 2.419209788682016166e-02 1.238264811372920932e-04
5.024921096633094830e-02 2.391910555808558422e-02 1.229623092409907852e-04
5.036042934565801432e-02 2.412970787407620749e-02 1.239060243212394830e-04
5.047164772498506646e-02 2.426769982411325008e-02 1.244154208793661425e-04
5.058286610431211860e-02 2.406536636056278572e-02 1.236740651575640997e-04
5.069408448363918462e-02 2.387874727032904265e-02 1.232346166609803965e-04
5.080530286296623677e-02 2.410211346420569958e-02 1.238678836856740861e-04
5.091652124229328891e-02 2.413192006131946454e-02 1.237245173268183157e-04
5.102773962162035493e-02 2.405575980546431278e-02 1.234233825029007459e-04
5.113895800094740707e-02 2.403500494749904320e-02 1.233841117406356887e-04
5.125017638027445921e-02 2.413555319273106084e-02 1.235708417475419869e-04
5.136139475960152523e-02 2.408966263407143205e-02 1.231693224762398973e-04
5.147261313892857737e-02 2.414688603808547510e-02 1.236523419335211309e-04
5.158383151825562951e-02 2.409196245639701542e-02 1.234538737723499778e-04
5.169504989758269553e-02 2.401616026347041730e-02 1.229360031055818216e-04
5.180626827690974767e-02 2.405099785230850259e-02 1.230027626639845501e-04
5.191748665623679981e-02 2.416087197900528699e-02 1.232851922925998081e-04
5.202870503556386583e-02 2.414436363020941445e-02 1.230766820800831003e-04
5.213992341489091797e-02 2.401468848279203136e-02 1.227283295170836306e-04
5.225114179421797012e-02 2.401935596688203542e-02 1.228074844706030714e-04
5.236236017354503613e-02 2.408784011306614944e-02 1.228734972622091254e-04
5.247357855287208828e-02 2.379896666796916041e-02 1.217766064032235144e-04
5.258479693219914042e-02 2.405676817347300253e-02 1.225535035144194665e-04
5.269601531152620644e-02 2.408007879787433386e-02 1.226563596950894545e-04
5.280723369085325858e-02 2.400549009595264599e-02 1.222142295021213197e-04
5.291845207018031072e-02 2.404763198174102862e-02 1.224464515586157621e-04
5.302967044950737674e-02 2.383570087938001111e-02 1.217329042058123626e-04
5.314088882883442888e-02 2.391482473878412188e-02 1.217858517498294265e-04
5.325210720816148102e-02 2.407603378116969506e-02 1.223971837984776047e-04
5.336332558748854704e-02 2.394696789807479811e-02 1.220461784861429696e-04
5.347454396681559918e-02 2.381873131777057992e-02 1.213859483554822425e-04
5.358576234614265132e-02 2.399229949897964051e-02 1.217434314136874241e-04
5.369698072546971734e-02 2.384046601123659265e-02 1.213933325470965439e-04
5.380819910479676949e-02 2.387107282850429654e-02 1.212824974274076767e-04
5.391941748412382163e-02 2.386106457315354326e-02 1.211553786331531388e-04
5.403063586345088765e-02 2.375303516322647968e-02 1.208522907555224020e-04
5.414185424277793979e-02 2.395033130195386648e-02 1.213916979214288644e-04
5.425307262210499193e-02 2.388270430186703597e-02 1.208965974616154894e-04
5.436429100143205795e-02 2.409595106877663456e-02 1.215561571436537885e-04
5.447550938075911009e-02 2.377240025400184989e-02 1.207628019569341894e-04
5.458672776008616223e-02 2.382301721441458867e-02 1.205994715477099117e-04
5.469794613941322825e-02 2.391296481072915578e-02 1.209390534667124098e-04
5.480916451874028039e-02 2.386888854951486200e-02 1.208391845836458665e-04
5.492038289806733253e-02 2.381221031712403569e-02 1.203917315948793834e-04
5.503160127739439855e-02 2.395566396019858588e-02 1.204683301358887320e-04
5.514281965672145069e-02 2.405751462403056540e-02 1.204897130961919634e-04
5.525403803604850284e-02 2.392378947644606402e-02 1.201032215650151127e-04
5.536525641537556885e-02 2.375798330762962998e-02 1.195012577534609427e-04
5.547647479470262100e-02 2.368964757229267276e-02 1.193958611505809161e-04
5.558769317402967314e-02 2.400428554753042051e-02 1.202525746303014854e-04
5.569891155335673916e-02 2.386550513392760378e-02 1.195924175853851646e-04
5.581012993268379130e-02 2.382584938553484674e-02 1.194936526648000152e-04
5.592134831201084344e-02 2.389997603297835949e-02 1.198953850735993396e-04
5.603256669133790946e-02 2.372378680984025406e-02 1.193850703737697148e-04
5.614378507066496160e-02 2.375728447580515573e-02 1.194391327231000946e-04
5.625500344999201374e-02 2.400312524475387357e-02 1.202087064130258109e-04
5.636622182931907976e-02 2.382844390274538662e-02 1.196778981491042153e-04
5.647744020864613190e-02 2.373786818661185669e-02 1.192157513671857847e-04
5.658865858797318404e-02 2.375049208982389984e-02 1.191925204537770737e-04
5.669987696730025006e-02 2.409221661169322348e-02 1.202029481060155571e-04
5.681109534662730221e-02 2.372654065017838765e-02 1.190037583038115878e-04
5.692231372595435435e-02 2.436538088444196309e-02 1.208520884086749131e-04
5.703353210528142037e-02 2.390564941733175700e-02 1.195253956248427192e-04
5.714475048460847251e-02 2.369194127656084475e-02 1.187138005661930360e-04
5.725596886393552465e-02 2.363445727571020574e-02 1.186069240753469858e-04
5.736718724326259067e-02 2.378780904380613931e-02 1.189927379141631386e-04
5.747840562258964281e-02 2.384888478993435132e-02 1.188876485722597701e-04
5.758962400191669495e-02 2.386096950665135899e-02 1.194829431750140205e-04
5.770084238124376097e-02 2.377622297417211067e-02 1.216719662098634413e-04
5.781206076057081311e-02 2.394584499424567969e-02 1.233531014372477171e-04
5.792327913989786525e-02 2.396746768497205402e-02 1.239632196843404809e-04
5.803449751922493127e-02 2.392297043416988234e-02 1.243428144942503347e-04
5.814571589855198341e-02 2.384174890241786901e-02 1.244609114345659334e-04
5.825693427787903556e-02 2.373607511941542431e-02 1.244948562161948726e-04
5.836815265720610157e-02 2.369071158449193026e-02 1.247544456216806202e-04
5.847937103653315372e-02 2.378197464962619745e-02 1.252466760040704295e-04
5.859058941586020586e-02 2.388868498178305794e-02 1.255880293978379146e-04
5.870180779518727188e-02 2.379136936400729971e-02 1.255438845967129244e-04
5.881302617451432402e-02 2.383332922686937430e-02 1.260308345062219489e-04
5.892424455384137616e-02 2.388327917744646409e-02 1.262522574058961417e-04
5.903546293316844218e-02 2.387202003627181268e-02 1.264916939973728400e-04
5.914668131249549432e-02 2.378587818397398523e-02 1.265124409435320783e-04
5.925789969182254646e-02 2.388260452150131607e-02 1.269167913608669214e-04
5.936911807114961248e-02 2.342787083649354798e-02 1.257061898953160844e-04
5.948033645047666462e-02 2.369990224150962665e-02 1.268814012699684456e-04
5.959155482980371676e-02 2.374827184588683068e-02 1.271021621284801058e-04
5.970277320913078278e-02 2.379354129508453805e-02 1.273018383900888456e-04
5.981399158845783492e-02 2.360945734323624881e-02 1.269669383237399460e-04
5.992520996778488707e-02 2.377346843907545554e-02 1.277311401097871763e-04
6.003642834711195309e-02 2.384232044989038901e-02 1.278472556497721826e-04
6.014764672643900523e-02 2.422276964048428530e-02 1.289404946737403876e-04
6.025886510576605737e-02 2.371349542191709264e-02 1.277677871002571349e-04
6.037008348509312339e-02 2.390248584625425873e-02 1.285690094126820681e-04
6.048130186442017553e-02 2.370251889532912215e-02 1.279090150112079864e-04
6.059252024374722767e-02 2.368025368666707570e-02 1.280466087461215314e-04
6.070373862307429369e-02 2.371415511813571714e-02 1.282471124580341574e-04
6.081495700240134583e-02 2.410637043080350941e-02 1.294351070277981468e-04
6.092617538172839797e-02 2.376027354316541731e-02 1.287269791128978962e-04
6.103739376105546399e-02 2.364942930275978211e-02 1.286681627062524378e-04
6.114861214038251613e-02 2.378001232404032897e-02 1.289907802037975606e-04
6.125983051970956828e-02 2.380292986260295479e-02 1.290286159673677139e-04
6.137104889903663429e-02 2.368177667020560095e-02 1.289295642886001522e-04
6.148226727836368644e-02 2.397044791494155891e-02 1.299034893912142730e-04
6.159348565769073858e-02 2.379389062055904322e-02 1.293073538398208067e-04
6.170470403701780460e-02 2.376695868138405457e-02 1.294631177017983848e-04
6.181592241634485674e-02 2.377583620389524949e-02 1.295091321819733031e-04
6.192714079567190888e-02 2.370549517489906402e-02 1.291858369876059905e-04
6.203835917499897490e-02 2.366108300690189861e-02 1.290028542049937083e-04
6.214957755432602704e-02 2.379636401072943858e-02 1.293777262771620730e-04
6.226079593365307918e-02 2.386850638731988911e-02 1.296583389904082514e-04
6.237201431298014520e-02 2.353777645384963133e-02 1.289228475302762490e-04
6.248323269230719734e-02 2.371589414817991057e-02 1.296082944329817626e-04
6.259445107163424948e-02 2.356990985010202003e-02 1.290742516840688136e-04
6.270566945096131550e-02 2.364498723848140402e-02 1.294723536945178977e-04
6.281688783028838152e-02 2.364973944623770946e-02 1.296530819338899030e-04
6.292810620961541979e-02 2.353089092154505083e-02 1.293301933639744465e-04
6.303932458894248581e-02 2.352944502223017556e-02 1.292347277242681238e-04
6.315054296826955182e-02 2.366172891852535987e-02 1.297517507101165731e-04
6.326176134759659009e-02 2.387499494167306252e-02 1.304646002355080287e-04
6.337297972692365611e-02 2.381883750889947013e-02 1.303499214004266412e-04
6.348419810625072213e-02 2.360035801864815777e-02 1.299343118657304852e-04
6.359541648557776039e-02 2.365520938892463551e-02 1.300888776961699124e-04
6.370663486490482641e-02 2.376047742789772627e-02 1.304312380888213076e-04
6.381785324423189243e-02 2.368139116963071181e-02 1.304591948205901131e-04
6.392907162355893069e-02 2.379500357927717691e-02 1.308281802767261525e-04
6.404029000288599671e-02 2.350854331312504306e-02 1.298319705257250096e-04
6.415150838221306273e-02 2.374950939398105462e-02 1.306389079696219382e-04
6.426272676154010099e-02 2.390246013783278028e-02 1.312220988573453901e-04
6.437394514086716701e-02 2.372301073982779895e-02 1.307578358678692591e-04
6.448516352019423303e-02 2.362824002009858079e-02 1.303790317133641326e-04
6.459638189952127130e-02 2.386400791712507338e-02 1.311345514552985617e-04
6.470760027884833732e-02 2.369283577463176735e-02 1.308927117345490298e-04
6.481881865817540334e-02 2.356115813899786748e-02 1.304964667988765630e-04
6.493003703750244160e-02 2.358812225418450981e-02 1.306380622668945808e-04
6.504125541682950762e-02 2.394230847579510366e-02 1.318616002178413476e-04
6.515247379615657364e-02 2.360511940286864202e-02 1.307411493324515429e-04
6.526369217548361190e-02 2.370968029984971484e-02 1.311359306353416273e-04
6.537491055481067792e-02 2.367729896530188990e-02 1.311760645222395671e-04
6.548612893413774394e-02 2.349473614084444592e-02 1.307500293698861686e-04
6.559734731346478220e-02 2.342249827676918736e-02 1.305161881064429742e-04
6.570856569279184822e-02 2.388938560038859557e-02 1.319934072222334000e-04
6.581978407211891424e-02 2.370517767977741580e-02 1.313861207710033245e-04
6.593100245144595251e-02 2.383804458545219288e-02 1.318383601859622536e-04
6.604222083077301853e-02 2.358699383616238293e-02 1.312447012549115670e-04
6.615343921010008454e-02 2.369842021723961301e-02 1.317770130339471809e-04
6.626465758942712281e-02 2.359038510979417913e-02 1.313812979728754536e-04
6.637587596875418883e-02 2.362562023242940554e-02 1.316944842989190186e-04
6.648709434808125485e-02 2.373682054728688123e-02 1.321777332979589539e-04
6.659831272740829311e-02 2.356797080557901380e-02 1.314299844641861608e-04
6.670953110673535913e-02 2.345740958949595056e-02 1.311918476312999321e-04
6.682074948606242515e-02 2.366793954000872419e-02 1.320426794160529254e-04
6.693196786538946341e-02 2.365036515425489663e-02 1.320087510831840919e-04
6.704318624471652943e-02 2.351460190975217593e-02 1.315694907093830398e-04
6.715440462404359545e-02 2.363096381921728911e-02 1.319422407097775953e-04
6.726562300337063371e-02 2.379320641145835774e-02 1.324639035365693298e-04
6.737684138269769973e-02 2.347762288901279054e-02 1.315653736271524829e-04
6.748805976202476575e-02 2.348070877996583442e-02 1.317276957552594707e-04
6.759927814135180402e-02 2.360197291424363103e-02 1.320512674910850816e-04
6.771049652067887004e-02 2.362492435102254984e-02 1.320555940672339180e-04
6.782171490000593606e-02 2.342961070489702965e-02 1.315707533674679533e-04
6.793293327933297432e-02 2.359409719867515409e-02 1.323086119458534817e-04
6.804415165866004034e-02 2.351797054042163368e-02 1.320247610912438291e-04
6.815537003798710636e-02 2.376459524219941624e-02 1.327996374298218033e-04
6.826658841731414462e-02 2.365304781017379954e-02 1.325477506648450388e-04
6.837780679664121064e-02 2.394022708204727665e-02 1.333515223367457466e-04
6.848902517596827666e-02 2.361660997230231526e-02 1.323608282142921103e-04
6.860024355529531492e-02 2.343645618643398765e-02 1.319981499676802070e-04
6.871146193462238094e-02 2.369543345160662895e-02 1.328719964276684124e-04
6.882268031394944696e-02 2.348757328947025796e-02 1.321637310619588825e-04
6.893389869327648523e-02 2.368064086400557822e-02 1.329794448218663005e-04
6.904511707260355124e-02 2.339893196224292204e-02 1.321307765383215979e-04
6.915633545193061726e-02 2.338905505614168392e-02 1.320131507023400636e-04
6.926755383125765553e-02 2.362811056352698974e-02 1.327658256741961356e-04
6.937877221058472155e-02 2.391084202932236211e-02 1.338450093794476615e-04
6.948999058991178757e-02 2.350144747590254823e-02 1.325878273704985929e-04
6.960120896923882583e-02 2.371110400796276954e-02 1.330797617306880517e-04
6.971242734856589185e-02 2.354634028092264519e-02 1.327177719987957514e-04
6.982364572789295787e-02 2.339736579915398240e-02 1.323000720122203687e-04
6.993486410721999613e-02 2.346627248870009064e-02 1.325526895210743798e-04
7.004608248654706215e-02 2.365309546159920576e-02 1.332470807254118085e-04
7.015730086587412817e-02 2.354684050471146650e-02 1.328469900275422010e-04
7.026851924520116643e-02 2.354413674822376096e-02 1.328704154870446650e-04
7.037973762452823245e-02 2.361525143702268570e-02 1.333513506427836390e-04
7.049095600385529847e-02 2.375763358497118977e-02 1.337305995419269368e-04
7.060217438318233674e-02 2.364357370345960760e-02 1.332025578991622144e-04
7.071339276250940276e-02 2.367888401270857798e-02 1.335725995775339581e-04
7.082461114183646878e-02 2.340098792721860554e-02 1.327376878914133325e-04
7.093582952116350704e-02 2.386669421089565590e-02 1.338303890745864977e-04
7.104704790049057306e-02 2.397799969969374376e-02 1.341351330353741282e-04
7.115826627981763908e-02 2.346816274718091511e-02 1.329652468786076975e-04
7.126948465914467734e-02 2.362609257956255551e-02 1.336593274956787984e-04
7.138070303847174336e-02 2.346696608085720864e-02 1.330988865613534698e-04
7.149192141779880938e-02 2.347811979098463758e-02 1.332864644695989421e-04
7.160313979712584764e-02 2.370133823448317134e-02 1.339637414687368776e-04
7.171435817645291366e-02 2.356473069725392028e-02 1.334492157756791465e-04
7.182557655577997968e-02 2.366040071159393465e-02 1.339118398796792717e-04
7.193679493510701795e-02 2.360648026232347110e-02 1.338609399271994905e-04
7.204801331443408396e-02 2.364851786645716034e-02 1.339022689242917231e-04
7.215923169376114998e-02 2.348270303567336417e-02 1.332147056937460223e-04
7.227045007308818825e-02 2.346748742751406450e-02 1.332700812091843997e-04
7.238166845241525427e-02 2.379155405396770825e-02 1.343189333537538738e-04
7.249288683174232029e-02 2.373771130437116184e-02 1.341817213767284884e-04
7.260410521106935855e-02 2.369323459396665069e-02 1.341511845265689349e-04
7.271532359039642457e-02 2.387914312860107274e-02 1.348246997757542379e-04
7.282654196972349059e-02 2.345252148416166957e-02 1.333926597320965349e-04
7.293776034905052885e-02 2.354125097641894884e-02 1.337939559456886808e-04
7.304897872837759487e-02 2.371192223987178202e-02 1.344493868352837488e-04
7.316019710770466089e-02 2.358468161328088411e-02 1.338355675614488294e-04
7.327141548703169915e-02 2.365233939693377543e-02 1.340415397162976409e-04
7.338263386635876517e-02 2.356037374392365782e-02 1.337908294415528535e-04
7.349385224568583119e-02 2.329265196682600569e-02 1.327853375001879633e-04
7.360507062501286946e-02 2.384103555035023761e-02 1.344983895444771995e-04
7.371628900433993548e-02 2.368561698070770910e-02 1.340181465656739481e-04
7.382750738366700149e-02 2.391253104517372316e-02 1.347357456615939973e-04
7.393872576299403976e-02 2.349790197255407012e-02 1.332561087731306930e-04
7.404994414232110578e-02 2.358373480296619557e-02 1.336609554457573329e-04
7.416116252164817180e-02 2.358889892522665274e-02 1.337829048541038499e-04
7.427238090097521006e-02 2.366575917824028166e-02 1.339770806322040876e-04
7.438359928030227608e-02 2.363094199199769832e-02 1.340734658432923419e-04
7.449481765962934210e-02 2.344860948423738156e-02 1.334496233656918044e-04
7.460603603895638036e-02 2.372346656073711160e-02 1.341458022805371811e-04
7.471725441828344638e-02 2.354346739300714961e-02 1.337916279107237351e-04
7.482847279761051240e-02 2.398786748862616683e-02 1.352329136838620446e-04
7.493969117693755067e-02 2.341604614762112652e-02 1.333299956114999919e-04
7.505090955626461668e-02 2.343666623637411656e-02 1.335567007949894555e-04
7.516212793559168270e-02 2.364258381854250982e-02 1.342624102582758475e-04
7.527334631491872097e-02 2.333880049722684286e-02 1.332769584607679356e-04
7.538456469424578699e-02 2.353267883343536371e-02 1.338344999411398303e-04
7.549578307357285301e-02 2.377033589969269542e-02 1.347246827700692080e-04
7.560700145289989127e-02 2.344660115143170492e-02 1.337743382866515363e-04
7.571821983222695729e-02 2.335098977417235377e-02 1.333903875578559199e-04
7.582943821155402331e-02 2.359321920812552584e-02 1.343544732649507153e-04
7.594065659088106157e-02 2.351744743637268834e-02 1.341952415073565242e-04
7.605187497020812759e-02 2.354529140525674427e-02 1.342286722894972550e-04
7.616309334953519361e-02 2.359758235965745896e-02 1.345293100474469303e-04
7.627431172886223187e-02 2.344944239969228711e-02 1.339119317949645505e-04
7.638553010818929789e-02 2.343293431524224799e-02 1.337274251374744754e-04
7.649674848751636391e-02 2.354293431060896710e-02 1.341198388293651073e-04
7.660796686684340218e-02 2.370429460210645919e-02 1.346219366622039863e-04
7.671918524617046820e-02 2.355184257485832058e-02 1.342862919142511077e-04
7.683040362549753421e-02 2.368031621066764292e-02 1.347306030101109531e-04
7.694162200482457248e-02 2.338167971869366257e-02 1.337737998054551361e-04
7.705284038415163850e-02 2.340008434400868420e-02 1.339008084063155509e-04
7.716405876347870452e-02 2.348764439014497385e-02 1.341375310443276728e-04
7.727527714280574278e-02 2.364390023648380371e-02 1.347040598419685690e-04
7.738649552213280880e-02 2.361281577755834984e-02 1.348004875981805516e-04
7.749771390145987482e-02 2.363519418906317657e-02 1.346966183588056871e-04
7.760893228078691308e-02 2.351601146999382497e-02 1.343521612600835104e-04
7.772015066011397910e-02 2.343110765168611095e-02 1.342199650833184195e-04
7.783136903944104512e-02 2.359680690122599803e-02 1.346701611967040797e-04
7.794258741876808338e-02 2.342008050292916296e-02 1.340671576325196427e-04
7.805380579809514940e-02 2.343087059778049125e-02 1.341710763019599896e-04
7.816502417742221542e-02 2.356214353534037687e-02 1.347203395822216742e-04
7.827624255674925369e-02 2.338177023108974767e-02 1.340763844028210249e-04
7.838746093607631971e-02 2.353360979825496607e-02 1.347253680551663496e-04
7.849867931540338573e-02 2.368591851356752903e-02 1.352582620495296705e-04
7.860989769473042399e-02 2.338352766369396554e-02 1.340541237153092247e-04
7.872111607405749001e-02 2.350510905837991174e-02 1.347050459718069195e-04
7.883233445338455603e-02 2.341982142348778689e-02 1.345255853206092319e-04
7.894355283271159429e-02 2.358549941902442562e-02 1.348607204972418309e-04
7.905477121203866031e-02 2.344245996240635829e-02 1.342818204246342729e-04
7.916598959136572633e-02 2.350681852802635405e-02 1.346737237594380996e-04
7.927720797069276459e-02 2.343825538042310086e-02 1.345566620581782765e-04
7.938842635001983061e-02 2.351763513157540536e-02 1.347129377581878006e-04
7.949964472934689663e-02 2.333983567453422336e-02 1.341668615283268307e-04
7.961086310867393490e-02 2.360113874728003019e-02 1.351098065014237333e-04
7.972208148800100092e-02 2.341701707978887520e-02 1.345303478659369307e-04
7.983329986732806693e-02 2.357810767356378900e-02 1.351168256574970014e-04
7.994451824665510520e-02 2.363937072360628930e-02 1.354771333773388813e-04
8.005573662598217122e-02 2.352721847766382421e-02 1.349962935338415676e-04
8.016695500530923724e-02 2.346935779801914354e-02 1.348058950420851193e-04
8.027817338463627550e-02 2.336344264547911276e-02 1.345959484635962037e-04
8.038939176396334152e-02 2.337248280594681968e-02 1.346371684388736128e-04
8.050061014329040754e-02 2.356004480943145810e-02 1.351477685743161816e-04
8.061182852261744580e-02 2.375893985039975731e-02 1.358028360404723645e-04
8.072304690194451182e-02 2.356709514846140260e-02 1.351490576830701427e-04
8.083426528127157784e-02 2.371744777493053902e-02 1.356179733967227761e-04
8.094548366059861610e-02 2.355720129030461699e-02 1.353828713774916459e-04
8.105670203992568212e-02 2.347171413032836038e-02 1.351390416913856630e-04
8.116792041925274814e-02 2.353885507309703626e-02 1.352714743415335671e-04
8.127913879857978641e-02 2.340814376888904896e-02 1.348631598537729996e-04
8.139035717790685243e-02 2.352704922191238210e-02 1.352043440838713282e-04
8.150157555723391845e-02 2.347727233380917516e-02 1.350659578720467041e-04
8.161279393656095671e-02 2.352155377582591106e-02 1.351789736529925262e-04
8.172401231588802273e-02 2.355323551454547790e-02 1.353396946757462070e-04
8.183523069521508875e-02 2.348372668805793345e-02 1.351117394818380558e-04
8.194644907454212701e-02 2.359459897855946051e-02 1.353216096598486339e-04
8.205766745386919303e-02 2.329715372521413627e-02 1.345586226521261833e-04
8.216888583319625905e-02 2.352905232569264815e-02 1.354399538340370112e-04
8.228010421252329731e-02 2.371878605460814304e-02 1.359379927677053471e-04
8.239132259185036333e-02 2.346161291660584305e-02 1.352435602685773605e-04
8.250254097117742935e-02 2.338486436664263465e-02 1.349627259817988466e-04
8.261375935050446762e-02 2.342626572772868107e-02 1.349858906507595338e-04
8.272497772983153363e-02 2.341994792750867749e-02 1.351085304126092824e-04
8.283619610915859965e-02 2.345631686915474259e-02 1.352786934255255651e-04
8.294741448848563792e-02 2.363594850544826001e-02 1.356709743385526906e-04
8.305863286781270394e-02 2.363548872630576864e-02 1.356984861866526379e-04
8.316985124713976996e-02 2.349915715838332003e-02 1.355609415862314389e-04
8.328106962646680822e-02 2.322601121073233910e-02 1.345783903063916696e-04
8.339228800579387424e-02 2.330245526338977149e-02 1.347287543685377715e-04
8.350350638512094026e-02 2.354824969627867040e-02 1.355474014451093817e-04
8.361472476444797852e-02 2.353145640742900641e-02 1.354416302806982718e-04
8.372594314377504454e-02 2.358537183878978150e-02 1.356552476449877291e-04
8.383716152310211056e-02 2.348955783178755669e-02 1.355091180946564155e-04
8.394837990242914882e-02 2.327309824362294374e-02 1.348819596131186477e-04
8.405959828175621484e-02 2.329402396844335379e-02 1.348610499308692081e-04
8.417081666108328086e-02 2.357579632205814707e-02 1.358129585804985812e-04
8.428203504041031913e-02 2.388191163054141988e-02 1.367793946533237329e-04
8.439325341973738515e-02 2.335449566939782826e-02 1.350000153086270349e-04
8.450447179906445117e-02 2.365066098436039571e-02 1.359723800514912461e-04
8.461569017839148943e-02 2.352259575379940862e-02 1.356283010077476679e-04
8.472690855771855545e-02 2.346668702344115870e-02 1.355583884784693151e-04
8.483812693704562147e-02 2.345977716959857934e-02 1.355502537907981252e-04
8.494934531637265973e-02 2.348477026072863169e-02 1.357322423692055777e-04
8.506056369569972575e-02 2.333062213643911226e-02 1.351905954745295335e-04
8.517178207502679177e-02 2.343493315160875834e-02 1.353266953022894700e-04
8.528300045435383003e-02 2.351558079476124760e-02 1.358311583344792839e-04
8.539421883368089605e-02 2.351105360754414744e-02 1.359962497886175960e-04
8.550543721300796207e-02 2.346959058830282163e-02 1.356249017823335274e-04
8.561665559233500034e-02 2.360812279575282002e-02 1.361979594855353051e-04
8.572787397166206635e-02 2.385452491422001761e-02 1.371889904522759966e-04
8.583909235098913237e-02 2.343967970833112438e-02 1.357147885864278696e-04
8.595031073031617064e-02 2.343465927698456380e-02 1.356184190652289174e-04
8.606152910964323666e-02 2.324133889415450765e-02 1.350695613427871171e-04
8.617274748897030268e-02 2.350799609853242850e-02 1.360828756981486407e-04
8.628396586829734094e-02 2.335132877564130571e-02 1.353502565206089097e-04
8.639518424762440696e-02 2.336705358841618604e-02 1.355738562513455407e-04
8.650640262695147298e-02 2.336654393265669497e-02 1.356449151777403168e-04
8.661762100627851124e-02 2.333904303907013283e-02 1.353449639796749438e-04
8.672883938560557726e-02 2.339122993812509793e-02 1.356061321236186074e-04
8.684005776493264328e-02 2.332462520373842357e-02 1.356167125230147081e-04
8.695127614425968154e-02 2.332992833502711694e-02 1.353900244919761721e-04
8.706249452358674756e-02 2.329006082723961840e-02 1.352751396086200424e-04
8.717371290291381358e-02 2.329386673560394916e-02 1.354737176226293929e-04
8.728493128224085185e-02 2.317498999472063226e-02 1.349180215313510952e-04
8.739614966156791787e-02 2.326767860765753884e-02 1.351857208235247442e-04
8.750736804089498388e-02 2.307994748401870355e-02 1.346663112829733571e-04
8.761858642022202215e-02 2.336916724308036805e-02 1.356175102834697075e-04
8.772980479954908817e-02 2.348225908580073643e-02 1.358847506225952103e-04
8.784102317887615419e-02 2.333865231578313715e-02 1.355844225150721455e-04
8.795224155820319245e-02 2.342918521464775264e-02 1.359984867381029423e-04
8.806345993753025847e-02 2.361934652344789901e-02 1.364227936406926366e-04
8.817467831685732449e-02 2.350848980686467971e-02 1.362159321016664362e-04
8.828589669618436275e-02 2.327882988332890743e-02 1.356116673828281730e-04
8.839711507551142877e-02 2.334505462647042118e-02 1.357245029525638370e-04
8.850833345483849479e-02 2.349341627421986864e-02 1.360622548507457307e-04
8.861955183416553306e-02 2.330166113434632702e-02 1.356787595884148426e-04
8.873077021349259907e-02 2.313747860406335094e-02 1.350880357225581630e-04
8.884198859281966509e-02 2.324842677479095968e-02 1.353697154629042920e-04
8.895320697214670336e-02 2.350167851792589468e-02 1.364421043361730215e-04
8.906442535147376938e-02 2.335923798431426002e-02 1.358669501305755111e-04
8.917564373080083540e-02 2.349894726996718669e-02 1.362242776160523547e-04
8.928686211012787366e-02 2.323338660273624803e-02 1.354865227022853552e-04
8.939808048945493968e-02 2.318035678416915241e-02 1.354747956985040587e-04
8.950929886878200570e-02 2.318655797474620042e-02 1.354737825795254832e-04
8.962051724810904396e-02 2.321750280787882731e-02 1.356063540392890717e-04
8.973173562743610998e-02 2.356338460878534477e-02 1.368633358696285578e-04
8.984295400676317600e-02 2.336640942245261574e-02 1.359861652886242543e-04
8.995417238609021426e-02 2.333095887596280810e-02 1.357034216353413447e-04
9.006539076541728028e-02 2.310091070605963665e-02 1.351329700643969401e-04
9.017660914474434630e-02 2.343213690963265664e-02 1.362571598596215594e-04
9.028782752407138457e-02 2.338688816329429626e-02 1.360515612750395366e-04
9.039904590339845059e-02 2.328162555924291263e-02 1.358703737429448077e-04
9.051026428272551660e-02 2.359906988101801578e-02 1.367758682088169914e-04
9.062148266205255487e-02 2.321382861587821533e-02 1.354261650658548791e-04
9.073270104137962089e-02 2.332912648709990072e-02 1.360323854382433759e-04
9.084391942070668691e-02 2.326422573444656208e-02 1.359339993757628640e-04
9.095513780003372517e-02 2.324240807049314864e-02 1.357359199328826108e-04
9.106635617936079119e-02 2.339176220876431136e-02 1.361503081941011829e-04
9.117757455868785721e-02 2.329175947803131808e-02 1.359015912499796249e-04
9.128879293801489547e-02 2.337508914954205055e-02 1.360439184073135765e-04
9.140001131734196149e-02 2.345212987450421421e-02 1.362041507092279875e-04
9.151122969666902751e-02 2.329834280728198051e-02 1.358075094180772430e-04
9.162244807599606577e-02 2.338534069285655784e-02 1.361786887986176264e-04
9.173366645532313179e-02 2.367142964318705300e-02 1.369927744728899593e-04
9.184488483465019781e-02 2.330679290465994744e-02 1.360074338896556775e-04
9.195610321397723608e-02 2.322430904322164355e-02 1.358778738786339932e-04
9.206732159330430210e-02 2.361819760260832832e-02 1.370834524458490445e-04
9.217853997263136812e-02 2.337407770789740394e-02 1.363791686239834320e-04
9.228975835195840638e-02 2.349451701984529503e-02 1.367793937665278607e-04
9.240097673128547240e-02 2.322916830463347612e-02 1.357389806084203046e-04
9.251219511061253842e-02 2.334731708342142539e-02 1.360952735441196511e-04
9.262341348993957668e-02 2.318515793687458276e-02 1.357850988369041305e-04
9.273463186926664270e-02 2.313944853672496652e-02 1.356408004242415583e-04
9.284585024859370872e-02 2.322268726603332265e-02 1.357915182409857304e-04
9.295706862792074698e-02 2.335781280235531623e-02 1.363723811348866463e-04
9.306828700724781300e-02 2.316723185037930510e-02 1.357432775668896026e-04
9.317950538657487902e-02 2.325720203729999061e-02 1.359298275535065624e-04
9.329072376590191729e-02 2.323077347001936688e-02 1.359515260747215862e-04
9.340194214522898331e-02 2.348949202683463244e-02 1.368968705711006264e-04
9.351316052455604932e-02 2.339692014926406799e-02 1.364242466319620932e-04
9.362437890388308759e-02 2.319591949924926927e-02 1.359479574873082757e-04
9.373559728321015361e-02 2.303302080696587387e-02 1.355386902203829260e-04
9.384681566253721963e-02 2.337396761460422065e-02 1.365176441272853444e-04
9.395803404186425789e-02 2.304612367508868803e-02 1.353759351800391179e-04
9.406925242119132391e-02 2.318256875704471920e-02 1.358622725120097515e-04
9.418047080051838993e-02 2.329377796718591978e-02 1.361541562484843229e-04
9.429168917984542819e-02 2.321094316747001479e-02 1.359705063709475202e-04
9.440290755917249421e-02 2.334949053936762053e-02 1.365640944318082819e-04
9.451412593849956023e-02 2.307742186977681381e-02 1.355156325370268590e-04
9.462534431782659849e-02 2.327744187706900711e-02 1.360522754660616681e-04
9.473656269715366451e-02 2.310324429374864194e-02 1.356964556133096768e-04
9.484778107648073053e-02 2.353145325452822914e-02 1.372955982464997354e-04
9.495899945580776880e-02 2.281417176489136667e-02 1.347735463825757720e-04
9.507021783513483482e-02 2.313827639313205051e-02 1.359537716671909389e-04
9.518143621446190084e-02 2.347687712548252037e-02 1.371861884914638897e-04
9.529265459378893910e-02 2.347863850711309069e-02 1.416860661486116517e-04
9.540387297311600512e-02 2.328924492802591020e-02 1.439784953296079876e-04
9.551509135244307114e-02 2.339974137176257379e-02 1.465571350782619571e-04
9.562630973177010940e-02 2.357407321670671949e-02 1.494935178379953303e-04
9.573752811109717542e-02 2.323858131025471896e-02 1.503776785503537232e-04
9.584874649042424144e-02 2.349380090293111054e-02 1.531666502091803242e-04
9.595996486975127970e-02 2.334159160995795401e-02 1.545238699466783315e-04
9.607118324907834572e-02 2.340349590039811356e-02 1.565015765807603479e-04
9.618240162840541174e-02 2.337372228004487226e-02 1.579763058676969946e-04
9.629362000773245001e-02 2.339212542149477977e-02 1.598779417304395617e-04
9.640483838705951602e-02 2.345467914904488665e-02 1.617999622531991191e-04
9.651605676638658204e-02 2.343937452662727544e-02 1.632380094932407591e-04
9.662727514571362031e-02 2.325119436381804447e-02 1.642045537001548335e-04
9.673849352504068633e-02 2.368709474547989885e-02 1.676248758501175363e-04
9.684971190436775235e-02 2.309669523977276803e-02 1.668801472451546827e-04
9.696093028369479061e-02 2.325209753061147772e-02 1.690788712147575049e-04
9.707214866302185663e-02 2.330041513061157157e-02 1.706580066379491606e-04
9.718336704234892265e-02 2.364813125717276157e-02 1.738901327932064478e-04
9.729458542167596091e-02 2.321502124184132709e-02 1.738158718380700693e-04
9.740580380100302693e-02 2.294061791809590134e-02 1.736853949929776449e-04
9.751702218033009295e-02 2.331789931799283302e-02 1.759603754061464249e-04
9.762824055965713121e-02 2.320690874769859927e-02 1.763506780681019421e-04
9.773945893898419723e-02 2.330511372269841383e-02 1.777643971842795937e-04
9.785067731831126325e-02 2.333407961234975139e-02 1.794364288793064935e-04
9.796189569763830152e-02 2.323557892381453160e-02 1.805722393230954311e-04
9.807311407696536754e-02 2.342558950476707549e-02 1.829975849254515089e-04
9.818433245629243356e-02 2.341653651170737260e-02 1.843544885241943951e-04
9.829555083561947182e-02 2.305606450471973240e-02 1.842643561720162337e-04
9.840676921494653784e-02 2.326235874030855091e-02 1.868882136593743898e-04
9.851798759427360386e-02 2.307340968723441132e-02 1.877889282038411117e-04
9.862920597360064212e-02 2.329965149040964106e-02 1.905896248629286398e-04
9.874042435292770814e-02 2.329775812933852080e-02 1.920532962489158329e-04
9.885164273225477416e-02 2.319282053408217026e-02 1.932586866145702387e-04
9.896286111158181242e-02 2.312514205276184828e-02 1.949815979419982108e-04
9.907407949090887844e-02 2.318200143619164252e-02 1.969032273787005933e-04
9.918529787023594446e-02 2.328953918700723755e-02 1.990091573528237690e-04
9.929651624956298273e-02 2.300760449272155547e-02 1.994982930130783391e-04
9.940773462889004874e-02 2.326805851866931008e-02 2.026910778731428448e-04
9.951895300821711476e-02 2.341076549657423664e-02 2.049355364674762656e-04
9.963017138754415303e-02 2.353636376584049630e-02 2.077413217997065942e-04
9.974138976687121905e-02 2.337892620059834475e-02 2.087848257179115248e-04
9.985260814619828507e-02 2.334244791086287699e-02 2.103889088481368508e-04
9.996382652552532333e-02 2.324118116379285739e-02 2.118683418712990227e-04
1.000750449048523893e-01 2.292646624333996574e-02 2.124944309709420683e-04
1.001862632841794554e-01 2.306894604994986706e-02 2.149309441891697513e-04
1.002974816635064936e-01 2.310246200657429735e-02 2.160890317540048184e-04
1.004087000428335597e-01 2.308061901360738619e-02 2.172680208258668904e-04
1.005199184221606257e-01 2.315115032886211344e-02 2.185809579971144552e-04
1.006311368014876639e-01 2.345467603811423815e-02 2.209972782817918007e-04
1.007423551808147300e-01 2.333247358447346903e-02 2.219573363828989960e-04
1.008535735601417960e-01 2.327699607465729889e-02 2.235175510348635800e-04
1.009647919394688342e-01 2.324463216216644465e-02 2.255723947188746116e-04
1.010760103187959003e-01 2.285424427799042160e-02 2.259852463926581199e-04
1.011872286981229663e-01 2.328692988583688089e-02 2.303911237932952595e-04
1.012984470774500045e-01 2.334214782209088554e-02 2.330209080415617982e-04
1.014096654567770706e-01 2.315913665005757405e-02 2.343444586326348721e-04
1.015208838361041366e-01 2.356216545869732268e-02 2.387248601540797443e-04
1.016321022154311748e-01 2.349197785123631824e-02 2.410570114717513167e-04
1.017433205947582409e-01 2.317084696624439194e-02 2.417398709407341754e-04
1.018545389740853069e-01 2.372973993379596386e-02 2.473542806741458482e-04
1.019657573534123451e-01 2.340251436674752050e-02 2.484568656023569168e-04
1.020769757327394112e-01 2.360977095413229268e-02 2.523614994776807782e-04
1.021881941120664772e-01 2.336509972952207151e-02 2.537231587774897148e-04
1.022994124913935154e-01 2.365791436569406742e-02 2.588364664650780167e-04
1.024106308707205815e-01 2.300739736053903847e-02 2.578701148158109887e-04
1.025218492500476475e-01 2.322788355217247913e-02 2.629963615789141494e-04
1.026330676293746857e-01 2.371286603024018794e-02 2.692385561896437521e-04
1.027442860087017518e-01 2.340597872224484816e-02 2.700862410406115180e-04
1.028555043880288178e-01 2.316434290528559398e-02 2.720995632203366730e-04
1.029667227673558560e-01 2.330899540290933686e-02 2.765182561795869408e-04
1.030779411466829221e-01 2.299136023030950646e-02 2.783214185440350901e-04
1.031891595260099881e-01 2.347281983960205001e-02 2.849878250743188173e-04
1.033003779053370264e-01 2.405780944618176806e-02 2.926865439913986489e-04
1.034115962846640924e-01 2.337135322101677529e-02 2.925255124553093836e-04
1.035228146639911584e-01 2.492020693470567427e-02 3.076592184798170862e-04
1.036340330433181967e-01 2.322635326002553749e-02 2.993482864817439883e-04
1.037452514226452627e-01 2.383947998148364805e-02 3.089578595155796983e-04
1.038564698019723287e-01 2.362329276150187604e-02 3.123390697596090245e-04
1.039676881812993670e-01 2.357371057622045449e-02 3.179159834047800746e-04
1.040789065606264330e-01 2.389695540758798517e-02 3.256186089745446315e-04
1.041901249399534990e-01 2.357553443301514673e-02 3.278687955066986941e-04
1.043013433192805373e-01 2.317471244009103662e-02 3.279977482471172173e-04
1.044125616986076033e-01 2.368085345081340568e-02 3.346771930045435209e-04
1.045237800779346693e-01 2.393456344250821308e-02 3.396969208754319612e-04
1.046349984572617076e-01 2.361171815810035601e-02 3.411005354842853283e-04
1.047462168365887736e-01 2.358039402558710293e-02 3.425985869414028715e-04
1.048574352159158396e-01 2.337728497179150655e-02 3.442337774569387211e-04
1.049686535952428779e-01 2.328328592593810129e-02 3.481634140269948378e-04
1.050798719745699439e-01 2.309892740514835757e-02 3.500366344684979433e-04
1.051910903538970099e-01 2.353767664880728264e-02 3.576587444781002714e-04
1.053023087332240482e-01 2.257722155757817609e-02 3.521491598382888778e-04
1.054135271125511142e-01 2.329769833784898353e-02 3.620062999028364546e-04
1.055247454918781802e-01 2.275914584420196327e-02 3.614065865082154638e-04
1.056359638712052185e-01 2.307213989216812949e-02 3.669962164062342625e-04
1.057471822505322845e-01 2.347284937546788297e-02 3.740800111125054434e-04
1.058584006298593505e-01 2.398615580482437587e-02 3.830210187697590668e-04
1.059696190091863888e-01 2.323255974215915690e-02 3.799226560404116507e-04
1.060808373885134548e-01 2.291514990310323033e-02 3.819784631380729713e-04
1.061920557678405208e-01 2.332207010644609183e-02 3.902891400865033679e-04
1.063032741471675591e-01 2.340213351288612451e-02 3.953252751787721575e-04
1.064144925264946251e-01 2.361622801077922426e-02 4.029775401628969971e-04
1.065257109058216911e-01 2.276843191532244154e-02 3.997012171612428460e-04
1.066369292851487294e-01 2.336997239295740547e-02 4.104403367540902510e-04
1.067481476644757954e-01 2.358541629265960976e-02 4.171208993854603575e-04
1.068593660438028614e-01 2.318783168554603216e-02 4.201141180737325638e-04
1.069705844231298997e-01 2.299268979635384763e-02 4.236423928068891822e-04
1.070818028024569657e-01 2.327989254718115103e-02 4.313119710541315588e-04
1.071930211817840317e-01 2.383901647376151373e-02 4.433185704279577984e-04
1.073042395611110700e-01 2.393143225752977082e-02 4.505842926926887921e-04
1.074154579404381360e-01 2.339027689932561549e-02 4.528058120855629927e-04
1.075266763197652020e-01 2.361027241430379078e-02 4.627209055938309506e-04
1.076378946990922403e-01 2.310976840252393014e-02 4.644829870587425234e-04
1.077491130784193063e-01 2.303153981675887252e-02 4.709115166965025510e-04
1.078603314577463723e-01 2.320733678712762552e-02 4.798094540230166518e-04
1.079715498370734106e-01 2.362785512819000691e-02 4.923571849620070979e-04
1.080827682164004766e-01 2.341761754072377300e-02 4.989876381588887952e-04
1.081939865957275426e-01 2.374839513721112294e-02 5.146338387009326146e-04
1.083052049750545809e-01 2.297558863151167446e-02 5.137815446219800479e-04
1.084164233543816469e-01 2.363555087490081669e-02 5.310263399178067733e-04
1.085276417337087129e-01 2.434251335751345946e-02 5.508621389211541472e-04
1.086388601130357512e-01 2.377669603698590386e-02 5.544228379969881517e-04
1.087500784923628172e-01 2.309413557162630359e-02 5.569392699669628490e-04
1.088612968716898832e-01 2.378397127445602485e-02 5.811166298776920076e-04
1.089725152510169215e-01 2.324143038677252415e-02 5.887144742764897735e-04
1.090837336303439875e-01 2.398701231385155092e-02 6.154736477430676868e-04
1.091949520096710535e-01 2.272059560017709173e-02 6.144259058894296997e-04
1.093061703889980918e-01 2.351901762831042769e-02 6.421104700848503759e-04
1.094173887683251578e-01 2.381216540796144560e-02 6.633860360546153150e-04
1.095286071476522238e-01 2.370579365164457789e-02 6.825305933694063298e-04
1.096398255269792621e-01 2.361080462029450239e-02 7.047626858365236939e-04
1.097510439063063281e-01 2.338510273501625755e-02 7.263167587412546833e-04
1.098622622856333941e-01 2.320591110503936183e-02 7.524701057825472017e-04
1.099734806649604324e-01 2.419079596391637832e-02 8.039790621771645890e-04
1.100846990442874984e-01 2.457694978609547068e-02 8.460313140166786719e-04
1.101959174236145644e-01 2.415837233967413691e-02 8.797860168350535564e-04
1.103071358029416027e-01 2.564224839447032389e-02 9.635535240440071042e-04
1.104183541822686687e-01 2.318132828845453214e-02 9.634743988328078965e-04
1.105295725615957347e-01 2.367360334992283516e-02 1.045341943833395966e-03
1.106407909409227730e-01 2.177582755764059450e-02 1.087354581921863138e-03
1.107520093202498390e-01 2.460573525915368473e-02 1.288865540770109831e-03
1.108632276995769050e-01 2.519723403976180387e-02 1.464719885840239447e-03
1.109744460789039433e-01 2.510246943157794577e-02 1.674415607237298483e-03
1.110856644582310093e-01 3.163555408916933487e-02 2.369113527614084315e-03
1.111968828375580753e-01 3.069903421042671082e-02 3.464331186630822089e-03
