# q intensity propagated_error
8.972188982835325739e-05 0.000000000000000000e+00 0.000000000000000000e+00
2.009402691554100203e-04 0.000000000000000000e+00 0.000000000000000000e+00
3.121586484824668238e-04 0.000000000000000000e+00 0.000000000000000000e+00
4.233770278095235189e-04 0.000000000000000000e+00 0.000000000000000000e+00
5.345954071365803225e-04 0.000000000000000000e+00 0.000000000000000000e+00
6.458137864636371260e-04 0.000000000000000000e+00 0.000000000000000000e+00
7.570321657906938211e-04 0.000000000000000000e+00 0.000000000000000000e+00
8.682505451177505162e-04 0.000000000000000000e+00 0.000000000000000000e+00
9.794689244448074282e-04 0.000000000000000000e+00 0.000000000000000000e+00
1.090687303771864340e-03 1.342357320958558944e+02 1.913037550949350241e+00
1.201905683098920818e-03 9.355202532172206986e+01 2.684283334861916059e-01
1.313124062425977730e-03 7.107985810848597907e+01 1.502342186990672790e-01
1.424342441753034642e-03 5.493479801340808422e+01 1.071949414141458029e-01
1.535560821080091121e-03 4.221715959169678456e+01 8.574160633457102165e-02
1.646779200407148033e-03 3.322301555463536005e+01 7.168688648253274120e-02
1.757997579734204945e-03 2.687283811929184196e+01 6.172538431718903318e-02
1.869215959061261423e-03 2.155579722219815153e+01 5.275702126681278831e-02
1.980434338388318335e-03 1.762508598545048599e+01 4.572275472216790621e-02
2.091652717715374813e-03 1.511346685486033081e+01 4.071280315765882923e-02
2.202871097042431725e-03 1.250009492262749333e+01 3.538998681834332888e-02
2.314089476369488203e-03 1.060741233474492873e+01 3.170224879422110786e-02
2.425307855696545115e-03 8.882820245604346354e+00 2.814963234587714025e-02
2.536526235023602027e-03 7.719130770249262419e+00 2.546330029401056017e-02
2.647744614350658506e-03 6.654822003116549922e+00 2.307212826806647604e-02
2.758962993677715417e-03 5.758476749849077869e+00 2.092596443627965305e-02
2.870181373004772329e-03 5.042430958117071427e+00 1.900715623072462765e-02
2.981399752331828808e-03 4.423742914640107493e+00 1.730805672800188669e-02
3.092618131658885720e-03 3.858138073201759166e+00 1.586637328963354937e-02
3.203836510985942632e-03 3.479288128553909232e+00 1.469816959865995025e-02
3.315054890312999110e-03 3.132635409345841282e+00 1.360018408017727061e-02
3.426273269640056022e-03 2.781032856778387519e+00 1.259359388717006326e-02
3.537491648967112934e-03 2.409207886768618412e+00 1.151944904958174774e-02
3.648710028294169412e-03 2.196413953754378756e+00 1.076193816955005669e-02
3.759928407621226324e-03 1.981594498191720843e+00 1.003352219582119391e-02
3.871146786948283236e-03 1.839742806966065292e+00 9.525209457573740809e-03
3.982365166275340582e-03 1.700220136275226279e+00 8.970905395385338557e-03
4.093583545602396193e-03 1.542941550800029482e+00 8.407560241640471208e-03
4.204801924929453538e-03 1.388630190310471635e+00 7.855845982789010085e-03
4.316020304256510016e-03 1.234688008397554659e+00 7.280395552718952473e-03
4.427238683583566495e-03 1.118852784222636787e+00 6.808580633183801238e-03
4.538457062910623840e-03 1.029693832912471185e+00 6.572578396576695021e-03
4.649675442237680319e-03 9.522853182296167063e-01 6.618809503022762136e-03
4.760893821564736797e-03 8.658077033100387565e-01 6.461511222230505343e-03
4.872112200891794143e-03 8.070572116218630576e-01 6.342327882096510452e-03
4.983330580218850621e-03 7.468105593806351195e-01 6.153395538753592825e-03
5.094548959545907099e-03 6.884507636366068439e-01 5.917029164053523235e-03
5.205767338872964445e-03 6.358786803564627776e-01 5.715920232654461870e-03
5.316985718200020923e-03 6.030548617837711012e-01 5.606110871679344243e-03
5.428204097527077401e-03 5.489548999248707872e-01 5.320102881070285471e-03
5.539422476854134747e-03 5.134860871158182238e-01 5.130656084888292508e-03
5.650640856181191225e-03 4.888876643417675028e-01 5.028171265904232343e-03
5.761859235508247704e-03 4.617079439810046204e-01 4.886768554427689190e-03
5.873077614835305049e-03 4.164879325889674910e-01 4.620086484577773552e-03
5.984295994162361527e-03 3.856481128227012278e-01 4.431223047983823271e-03
6.095514373489418006e-03 3.712839201061399197e-01 4.346706228222494382e-03
6.206732752816475351e-03 3.498203560250690014e-01 4.191982047895097090e-03
6.317951132143531830e-03 3.349050982812580846e-01 4.105189797828156378e-03
6.429169511470588308e-03 3.200668746977954338e-01 3.840833749929455435e-03
6.540387890797645654e-03 3.061900536323683419e-01 3.617588358127779742e-03
6.651606270124702132e-03 2.919443606142018144e-01 3.472886339096412089e-03
6.762824649451758610e-03 2.741569284588288857e-01 3.307326386341411743e-03
6.874043028778815956e-03 2.666482705318863333e-01 3.199290181246349125e-03
6.985261408105872434e-03 2.538890805291548758e-01 3.079376780406549701e-03
7.096479787432928912e-03 2.409988002924642603e-01 2.970986673249151853e-03
7.207698166759986258e-03 2.294680656659573714e-01 2.857184535788640043e-03
7.318916546087042736e-03 2.223684493104154392e-01 2.778449115333979889e-03
7.430134925414099215e-03 2.092435542763431411e-01 2.667152219240945601e-03
7.541353304741156560e-03 2.007381908089184430e-01 2.586422561901018883e-03
7.652571684068213038e-03 1.943244912129290514e-01 2.504093930433927591e-03
7.763790063395270384e-03 1.865724287987050589e-01 2.435767644450354766e-03
7.875008442722326862e-03 1.842273007219077663e-01 2.406457276418834303e-03
7.986226822049382473e-03 1.747849425948250490e-01 2.322564810952122347e-03
8.097445201376439819e-03 1.658938126605856433e-01 2.254723202925481684e-03
8.208663580703497165e-03 1.634299130943998035e-01 2.230759332645270831e-03
8.319881960030552775e-03 1.551565739710039915e-01 2.149466024618397648e-03
8.431100339357610121e-03 1.482244988005079478e-01 2.090130431457708042e-03
8.542318718684667467e-03 1.387533476904853624e-01 2.015870070971311628e-03
8.653537098011723078e-03 1.343580941359912573e-01 1.971495289439704601e-03
8.764755477338780423e-03 1.281868335600808984e-01 1.913757876940739731e-03
8.875973856665837769e-03 1.229603779304853234e-01 1.864698835918735843e-03
8.987192235992893380e-03 1.244234889229212937e-01 1.869647759122220702e-03
9.098410615319950726e-03 1.184407787062763812e-01 1.807033542362272704e-03
9.209628994647008071e-03 1.159694028844904246e-01 1.787922135181112563e-03
9.320847373974063682e-03 1.125475060589129911e-01 1.757917460529173290e-03
9.432065753301121028e-03 1.076957214005622165e-01 1.700560539391958881e-03
9.543284132628178373e-03 1.045200141718923420e-01 1.674874183488213146e-03
9.654502511955233984e-03 1.031068678941236272e-01 1.659782326141919515e-03
9.765720891282291330e-03 9.908250617019655204e-02 1.602640611091828409e-03
9.876939270609348676e-03 9.937891241266333386e-02 1.597100343865758519e-03
9.988157649936404286e-03 9.584649251333794695e-02 1.568354041798914692e-03
1.009937602926346163e-02 9.783484637283776375e-02 1.581840033916876191e-03
1.021059440859051898e-02 9.136224928526801015e-02 1.511662766882958383e-03
1.032181278791757459e-02 8.880349430218220652e-02 1.494564369150071714e-03
1.043303116724463193e-02 8.501912100806016670e-02 1.454219628415225974e-03
1.054424954657168928e-02 8.635596828177163897e-02 1.455754524960078738e-03
1.065546792589874489e-02 8.326626386958921322e-02 1.427731509160777134e-03
1.076668630522580224e-02 7.964460504270533259e-02 1.393928381879369280e-03
1.087790468455285958e-02 8.035414191210837886e-02 1.388970659094852919e-03
1.098912306387991519e-02 7.835331787045035634e-02 1.363673209997843692e-03
1.110034144320697254e-02 7.911535596854232799e-02 1.369786684832713115e-03
1.121155982253402988e-02 7.577998256939866284e-02 1.329519719166844492e-03
1.132277820186108550e-02 7.512196646987802373e-02 1.321323902941940083e-03
1.143399658118814284e-02 7.552589400761185179e-02 1.321105176593641338e-03
1.154521496051520019e-02 7.255776348297882095e-02 1.289854274066833031e-03
1.165643333984225580e-02 6.940577132091413359e-02 1.251230751823183881e-03
1.176765171916931314e-02 7.136038705025975204e-02 1.271137700384362794e-03
1.187887009849637049e-02 6.806915489460585444e-02 1.237670447722592900e-03
1.199008847782342610e-02 6.620550328448683575e-02 1.211720353250726311e-03
1.210130685715048345e-02 6.669572835116829856e-02 1.208828566905358276e-03
1.221252523647754079e-02 6.792343243596929425e-02 1.218547926161553645e-03
1.232374361580459640e-02 6.591328274788374464e-02 1.194325114951744291e-03
1.243496199513165375e-02 6.435319879900186502e-02 1.173688533517563016e-03
1.254618037445871109e-02 6.564439263691167203e-02 1.182514950808980121e-03
1.265739875378576670e-02 6.367897778495459904e-02 1.160996309020700815e-03
1.276861713311282405e-02 5.909155683912694496e-02 1.109224446215145796e-03
1.287983551243988140e-02 6.199534047511551238e-02 1.141430435502190218e-03
1.299105389176693701e-02 6.018262844770223829e-02 1.118423176368797938e-03
1.310227227109399435e-02 5.887054813304032352e-02 1.099425550374289557e-03
1.321349065042105170e-02 5.961197921758656926e-02 1.106531387711975380e-03
1.332470902974810731e-02 6.020403882764614745e-02 1.108601319360636751e-03
1.343592740907516465e-02 5.919329875123209572e-02 1.088645229412472156e-03
1.354714578840222200e-02 5.648610731484258324e-02 1.059918043063758260e-03
1.365836416772927761e-02 5.417792879315897620e-02 1.037270197876783611e-03
1.376958254705633496e-02 5.534952270142741437e-02 1.044821096568959891e-03
1.388080092638339230e-02 5.486385138548102031e-02 1.034112706280818778e-03
1.399201930571044791e-02 5.471778211932402936e-02 1.029834701575132062e-03
1.410323768503750526e-02 5.460785270141640946e-02 1.025952000812739963e-03
1.421445606436456260e-02 5.376369117062752834e-02 1.016317931584040900e-03
1.432567444369161822e-02 5.136126589718893742e-02 9.896866345036746827e-04
1.443689282301867556e-02 5.207163083125782022e-02 9.952239349396683771e-04
1.454811120234573291e-02 5.162159637362256914e-02 9.875910544341740850e-04
1.465932958167278852e-02 5.206210120830188220e-02 9.876028261414440679e-04
1.477054796099984586e-02 5.077733765192965487e-02 9.707591396559286066e-04
1.488176634032690321e-02 4.853566254182755529e-02 9.418201344123623220e-04
1.499298471965395882e-02 5.017132857245718697e-02 9.537690927160432123e-04
1.510420309898101617e-02 4.999747390747422832e-02 9.518617578811072906e-04
1.521542147830807351e-02 4.963777261910030936e-02 9.456724714685825397e-04
1.532663985763512912e-02 4.964366690071708721e-02 9.436253946020103749e-04
1.543785823696218647e-02 4.822058803053230758e-02 9.288618470665336788e-04
1.554907661628924381e-02 4.780201741160862439e-02 9.203186974529681480e-04
1.566029499561629942e-02 4.661323815028446671e-02 9.035413590836368497e-04
1.577151337494335503e-02 4.546664785063855851e-02 8.927829561271510362e-04
1.588273175427041412e-02 4.549149446317567180e-02 8.904891508766492325e-04
1.599395013359746973e-02 4.508096273415639066e-02 8.811331714819058050e-04
1.610516851292452534e-02 4.575113703997842757e-02 8.886589174980231553e-04
1.621638689225158442e-02 4.622803004859270953e-02 8.916735200672506025e-04
1.632760527157864003e-02 4.609515100498913498e-02 8.834973565075573227e-04
1.643882365090569564e-02 4.546580843893456569e-02 8.763719423397178972e-04
1.655004203023275472e-02 4.208903465336898131e-02 8.421004741996378131e-04
1.666126040955981033e-02 4.311027211681082993e-02 8.492883427184542196e-04
1.677247878888686594e-02 4.292642807188995491e-02 8.446529647038127000e-04
1.688369716821392502e-02 4.350178578899679266e-02 8.516988775681966217e-04
1.699491554754098063e-02 4.428509203173282283e-02 8.550706085099762238e-04
1.710613392686803624e-02 4.373968470653048779e-02 8.457482161272323294e-04
1.721735230619509532e-02 4.228572564548296886e-02 8.303697282406916720e-04
1.732857068552215093e-02 4.306420529609521902e-02 8.382131398338594228e-04
1.743978906484920655e-02 4.148475014044933351e-02 8.164590575443314525e-04
1.755100744417626563e-02 4.274006123054528011e-02 8.280590057047955985e-04
1.766222582350332124e-02 4.008919771482676031e-02 7.993407760844430760e-04
1.777344420283037685e-02 3.910923053000688043e-02 7.864424477037108450e-04
1.788466258215743593e-02 4.152663340667641506e-02 8.077747288239334232e-04
1.799588096148449154e-02 4.086045124038656384e-02 7.956314960275279570e-04
1.810709934081154715e-02 4.264618482896170848e-02 8.128585273074819288e-04
1.821831772013860623e-02 4.014555640724248170e-02 7.840958002690697143e-04
1.832953609946566184e-02 4.086675420666272679e-02 7.936980981338372272e-04
1.844075447879271745e-02 4.079416746984441955e-02 7.904097193758437799e-04
1.855197285811977653e-02 4.022581424654311094e-02 7.814613810947977591e-04
1.866319123744683214e-02 3.957524564671133921e-02 7.743118498682139642e-04
1.877440961677388775e-02 3.935719065253637933e-02 7.719716887272562011e-04
1.888562799610094683e-02 4.011632984703775162e-02 7.753864119104604720e-04
1.899684637542800245e-02 3.921856432798798836e-02 7.629212332356897228e-04
1.910806475475505806e-02 4.002943309033782371e-02 7.710753266061546370e-04
1.921928313408211714e-02 3.887528434941438238e-02 7.542026576562249835e-04
1.933050151340917275e-02 3.815150059921298964e-02 7.457602305087311775e-04
1.944171989273622836e-02 3.875760015419869170e-02 7.525249608809255744e-04
1.955293827206328744e-02 3.709466979619359395e-02 7.329535572122221647e-04
1.966415665139034305e-02 3.843394917599486649e-02 7.456248122304423706e-04
1.977537503071739866e-02 3.717258335209508435e-02 7.304279302575715678e-04
1.988659341004445774e-02 3.825746933781748460e-02 7.400308060940022315e-04
1.999781178937151335e-02 3.815009990787934097e-02 7.349182824536764280e-04
2.010903016869856896e-02 3.725437830700571717e-02 7.263251664889358063e-04
2.022024854802562804e-02 3.765079121019632852e-02 7.435013698297372915e-04
2.033146692735268365e-02 3.737757511373488578e-02 7.499558546977087240e-04
2.044268530667973927e-02 3.812063190179539041e-02 7.647316304744871188e-04
2.055390368600679835e-02 3.686258058694539402e-02 7.575319380127623885e-04
2.066512206533385396e-02 3.618780339354656789e-02 7.564936511085936996e-04
2.077634044466090957e-02 3.684066498213382085e-02 7.654195431537046687e-04
2.088755882398796865e-02 3.605888777572369142e-02 7.550933705554806977e-04
2.099877720331502426e-02 3.733345427234360803e-02 7.708802169903042432e-04
2.110999558264207987e-02 3.616146151912140450e-02 7.565671989418460515e-04
2.122121396196913895e-02 3.661378997186800349e-02 7.630405275531554430e-04
2.133243234129619456e-02 3.558560133107040169e-02 7.499686981971669109e-04
2.144365072062325017e-02 3.629574990585200667e-02 7.572627891938803592e-04
2.155486909995030925e-02 3.574349870524974604e-02 7.531746596519551390e-04
2.166608747927736486e-02 3.556489992225193852e-02 7.518775590410162494e-04
2.177730585860442047e-02 3.522663213633896173e-02 7.473297049156367401e-04
2.188852423793147955e-02 3.493860651379518401e-02 7.449439681751491822e-04
2.199974261725853517e-02 3.622031264275590162e-02 7.530391664205856976e-04
2.211096099658559078e-02 3.680519671284724487e-02 7.400339982381676576e-04
2.222217937591264986e-02 3.534422886865452168e-02 7.130607305202058032e-04
2.233339775523970547e-02 3.495864205624851784e-02 7.042350360378125951e-04
2.244461613456676108e-02 3.396368312399460770e-02 6.878510917627901405e-04
2.255583451389382016e-02 3.363810128465297145e-02 6.784306289668011079e-04
2.266705289322087577e-02 3.401440148053467422e-02 6.791992258969405984e-04
2.277827127254793138e-02 3.496550545446078240e-02 6.877798591830379914e-04
2.288948965187499046e-02 3.507601263726072699e-02 6.854640054380260012e-04
2.300070803120204607e-02 3.499992553207607882e-02 6.823511183204866411e-04
2.311192641052910168e-02 3.365941448931333152e-02 6.670694480126994818e-04
2.322314478985616076e-02 3.330921682859899063e-02 6.608692956301758480e-04
2.333436316918321637e-02 3.579595882302107068e-02 6.873441175795521035e-04
2.344558154851027199e-02 3.341662329911027074e-02 6.591722821047978249e-04
2.355679992783733107e-02 3.494960306803762684e-02 6.727010332677382234e-04
2.366801830716438668e-02 3.428336794184674158e-02 6.632542364829918831e-04
2.377923668649144229e-02 3.358675061459467925e-02 6.564804024352497054e-04
2.389045506581850137e-02 3.356650872897044835e-02 6.564221159640350710e-04
2.400167344514555698e-02 3.404583654428279538e-02 6.573737938553843654e-04
2.411289182447261259e-02 3.363339554501006134e-02 6.504360147836476180e-04
2.422411020379967167e-02 3.242924622815907681e-02 6.372142236265321020e-04
2.433532858312672728e-02 3.332913188639431701e-02 6.442775555574222889e-04
2.444654696245378289e-02 3.297906920529750097e-02 6.372176855640036049e-04
2.455776534178084197e-02 3.285986172142856682e-02 6.344881574347789729e-04
2.466898372110789758e-02 3.402450289685368667e-02 6.458437484818036660e-04
2.478020210043495319e-02 3.313241530902315962e-02 6.366637659936985778e-04
2.489142047976201227e-02 3.270266188625022691e-02 6.311115641559710259e-04
2.500263885908906789e-02 3.274069680598763049e-02 6.278013816635426639e-04
2.511385723841612350e-02 3.238399209378588911e-02 6.213639115192721649e-04
2.522507561774318258e-02 3.272976433986706651e-02 6.259679871843036548e-04
2.533629399707023819e-02 3.289522562502063263e-02 6.272696072583802598e-04
2.544751237639729380e-02 3.246551728378581358e-02 6.190927756767890906e-04
2.555873075572435288e-02 3.203125636431377460e-02 6.124471679989814928e-04
2.566994913505140849e-02 3.237444136514160825e-02 6.176393932532165711e-04
2.578116751437846410e-02 3.137252006606582044e-02 6.060914506377328669e-04
2.589238589370552318e-02 3.131094528590964293e-02 6.021141852455261147e-04
2.600360427303257879e-02 3.175809475678305349e-02 6.058846158847505355e-04
2.611482265235963440e-02 3.241082597427857870e-02 6.120011968456701189e-04
2.622604103168669348e-02 3.203241555480837444e-02 6.054347619498530019e-04
2.633725941101374909e-02 3.164723610076373983e-02 6.011744901860887691e-04
2.644847779034080471e-02 3.143987821402414312e-02 5.983357682871709394e-04
2.655969616966786379e-02 3.206138146919355197e-02 6.031694137542594489e-04
2.667091454899491940e-02 3.204412275613147815e-02 6.019927680547201712e-04
2.678213292832197501e-02 3.185210409442096324e-02 5.979735585040023933e-04
2.689335130764903409e-02 3.157487236040804057e-02 5.948718699808663900e-04
2.700456968697608970e-02 3.078727956067428204e-02 5.866140559279656597e-04
2.711578806630314531e-02 3.053910508877165364e-02 5.824049282483185043e-04
2.722700644563020439e-02 3.146834598754699730e-02 5.894806480511258651e-04
2.733822482495726000e-02 3.199561432621525481e-02 5.922922508141599280e-04
2.744944320428431561e-02 3.133352321788963196e-02 5.855272890624191491e-04
2.756066158361137469e-02 3.028607120410451228e-02 5.740573238643124259e-04
2.767187996293843030e-02 3.022044226997959437e-02 5.732095974960407965e-04
2.778309834226548591e-02 3.110604555851928868e-02 5.833414366922137729e-04
2.789431672159254499e-02 3.053385769854165613e-02 5.759826874523638627e-04
2.800553510091960061e-02 3.069184116397202788e-02 5.748458249817604664e-04
2.811675348024665622e-02 3.029843871138317157e-02 5.691352572219907958e-04
2.822797185957371530e-02 3.087011484451041010e-02 5.763728314063490572e-04
2.833919023890077091e-02 3.092358947798887550e-02 5.751802629309566350e-04
2.845040861822782652e-02 3.108379419303108904e-02 5.739472732325308921e-04
2.856162699755488560e-02 2.981591523789482376e-02 5.609585195998122512e-04
2.867284537688194121e-02 3.001654823178370041e-02 5.619436611864513705e-04
2.878406375620899682e-02 3.050927594683046362e-02 5.637380178413566902e-04
2.889528213553605590e-02 3.126476509512583768e-02 5.714490008060815708e-04
2.900650051486311151e-02 3.095956924788031972e-02 5.675764326861062114e-04
2.911771889419016712e-02 3.007591063397187237e-02 5.575840932034155460e-04
2.922893727351722620e-02 3.103475382229790164e-02 5.671032208500367258e-04
2.934015565284428181e-02 3.107349842321016284e-02 5.660433645369557579e-04
2.945137403217133742e-02 3.038477869148053373e-02 5.568975469893553852e-04
2.956259241149839651e-02 3.133401933127125116e-02 5.652752430870207389e-04
2.967381079082545212e-02 3.073452227738791148e-02 5.589075057765291454e-04
2.978502917015250773e-02 3.011788858402853278e-02 5.508265347001687186e-04
2.989624754947956681e-02 2.982738069854903862e-02 5.449113905977023223e-04
3.000746592880662242e-02 3.008344310425377019e-02 5.496469246035288201e-04
3.011868430813367803e-02 3.026856838779048292e-02 5.515270413984424067e-04
3.022990268746073711e-02 2.999285763583195083e-02 5.461233765316870440e-04
3.034112106678779272e-02 2.916703330561597890e-02 5.380458435663268337e-04
3.045233944611484833e-02 2.974725784706363715e-02 5.435990819091230091e-04
3.056355782544190741e-02 2.918629044048620669e-02 5.352596274701476239e-04
3.067477620476896302e-02 2.997915179006649736e-02 5.437839820648024663e-04
3.078599458409601863e-02 2.981020484280390292e-02 5.422748612606385779e-04
3.089721296342307771e-02 2.956004358744244304e-02 5.377532802878746965e-04
3.100843134275013332e-02 2.959075596698442293e-02 5.373387871228863443e-04
3.111964972207718894e-02 2.993937633723336988e-02 5.494592016929742513e-04
3.123086810140424802e-02 2.841759861457910513e-02 5.406108418220358699e-04
3.134208648073130710e-02 2.978866525389502889e-02 5.593564417187298467e-04
3.145330486005835924e-02 2.943514705888744185e-02 5.578919555652588937e-04
3.156452323938541138e-02 2.900820454617145799e-02 5.523312209824303605e-04
3.167574161871247740e-02 2.955801972229813931e-02 5.597535571959094940e-04
3.178695999803952954e-02 3.152771748409470554e-02 5.831364037758300948e-04
3.189817837736658168e-02 2.992678759838384231e-02 5.645147351204532352e-04
3.200939675669364770e-02 2.955646192624015664e-02 5.617310219354285095e-04
3.212061513602069984e-02 2.884641903184122572e-02 5.553961098591367546e-04
3.223183351534775198e-02 2.851032664793202651e-02 5.522936352949791997e-04
3.234305189467481800e-02 2.948756735342974999e-02 5.633824456403573738e-04
3.245427027400187014e-02 2.804125576479842702e-02 5.471632716212372540e-04
3.256548865332892229e-02 2.922628336125533688e-02 5.614446419702002252e-04
3.267670703265598831e-02 2.887930562954266547e-02 5.575774358677606851e-04
3.278792541198304045e-02 2.905686305559998170e-02 5.595331661718350516e-04
3.289914379131009259e-02 2.958859406094914435e-02 5.611347394702370216e-04
3.301036217063715861e-02 3.031656289755680148e-02 5.558524360730488900e-04
3.312158054996421075e-02 2.940678597976294217e-02 5.399583903116872636e-04
3.323279892929126289e-02 2.927993719242083515e-02 5.357994930445558095e-04
3.334401730861832891e-02 2.931131164724294288e-02 5.342503973365820419e-04
3.345523568794538105e-02 2.865795920541980984e-02 5.251754958474277998e-04
3.356645406727243319e-02 2.838804019400379547e-02 5.204489437771327946e-04
3.367767244659949921e-02 2.974550537009320456e-02 5.340727462143819715e-04
3.378889082592655135e-02 2.897405745630064408e-02 5.235717529668601055e-04
3.390010920525360349e-02 2.818339848045213827e-02 5.133107041681548872e-04
3.401132758458066951e-02 2.941726679216066787e-02 5.249141973675681668e-04
3.412254596390772166e-02 2.894350211696020830e-02 5.193277180337962495e-04
3.423376434323477380e-02 2.890646196969881218e-02 5.180802769648638851e-04
3.434498272256183982e-02 2.876309528501121149e-02 5.152663328837228749e-04
3.445620110188889196e-02 2.908774107733077402e-02 5.190434254398060623e-04
3.456741948121594410e-02 2.895418011573540687e-02 5.154094641862831455e-04
3.467863786054301012e-02 2.927780914693103517e-02 5.172453007941062554e-04
3.478985623987006226e-02 2.868979070276407584e-02 5.116376324377616734e-04
3.490107461919711440e-02 2.821428692050406348e-02 5.064411271601268819e-04
3.501229299852418042e-02 2.838197833075707666e-02 5.055524969792594362e-04
3.512351137785123256e-02 2.908792607014508078e-02 5.120724139964210470e-04
3.523472975717828470e-02 2.919846844947008788e-02 5.117705051346231908e-04
3.534594813650535072e-02 2.826836217587164538e-02 5.011670294396817658e-04
3.545716651583240286e-02 2.801055079138621909e-02 4.998454434304648282e-04
3.556838489515945501e-02 2.757433878419079942e-02 4.940737866539530619e-04
3.567960327448652103e-02 2.790884189147228855e-02 4.953398425961846874e-04
3.579082165381357317e-02 2.819790803114573599e-02 4.984080306586410880e-04
3.590204003314062531e-02 2.801122036901777107e-02 4.957322097174281326e-04
3.601325841246769133e-02 2.820239603440654122e-02 4.950022434328033493e-04
3.612447679179474347e-02 2.832847735667826106e-02 4.963515063170899442e-04
3.623569517112179561e-02 2.842725068835685182e-02 4.983168745014408298e-04
3.634691355044886163e-02 2.810747082644989361e-02 4.928635292461648653e-04
3.645813192977591377e-02 2.786700784626230942e-02 4.888131210813695914e-04
3.656935030910296591e-02 2.814551374083244101e-02 4.912762577054085710e-04
3.668056868843003193e-02 2.670725300715499212e-02 4.767790721527932177e-04
3.679178706775708407e-02 2.776090879843479478e-02 4.860859562888449645e-04
3.690300544708413621e-02 2.736722446829129712e-02 4.801744468822484240e-04
3.701422382641120223e-02 2.805064153887579931e-02 4.880859554226452688e-04
3.712544220573825438e-02 2.788950547900249238e-02 4.853167349725703936e-04
3.723666058506530652e-02 2.698422447396921567e-02 4.743397403717112583e-04
3.734787896439237254e-02 2.815329811315101655e-02 4.868738603603473903e-04
3.745909734371942468e-02 2.774415778096821564e-02 4.809786138845354516e-04
3.757031572304647682e-02 2.823504704947865304e-02 4.833363014539976237e-04
3.768153410237354284e-02 2.763758856759490623e-02 4.783071138356872142e-04
3.779275248170059498e-02 2.845089208927306657e-02 4.848901754519961129e-04
3.790397086102764712e-02 2.893860532387875981e-02 4.888039191960143366e-04
3.801518924035471314e-02 2.760429643342712097e-02 4.753477783508546222e-04
3.812640761968176528e-02 2.820885326332714382e-02 4.796557681938813373e-04
3.823762599900881742e-02 2.825370462522592760e-02 4.806910100508654093e-04
3.834884437833588344e-02 2.722133698131177365e-02 4.714147938552180764e-04
3.846006275766293558e-02 2.770707835901073043e-02 4.753057535964996870e-04
3.857128113698998773e-02 2.764762804894276005e-02 4.718341724942562605e-04
3.868249951631705374e-02 2.778339926517864669e-02 4.717901132456670020e-04
3.879371789564410589e-02 2.769770275377392982e-02 4.724952831434834537e-04
3.890493627497115803e-02 2.815494471135430998e-02 4.761794160050420149e-04
3.901615465429822405e-02 2.736311340488991814e-02 4.673873946997069350e-04
3.912737303362527619e-02 2.810870948428422639e-02 4.748523251585956323e-04
3.923859141295232833e-02 2.747883174238280324e-02 4.672516786089207547e-04
3.934980979227939435e-02 2.773116594618778644e-02 4.677435502398791700e-04
3.946102817160644649e-02 2.740339480100010411e-02 4.651707398490025308e-04
3.957224655093349863e-02 2.642647622237739857e-02 4.555876315234477130e-04
3.968346493026056465e-02 2.725970122545508245e-02 4.627499920714452141e-04
3.979468330958761679e-02 2.729063829730313251e-02 4.632020029145769062e-04
3.990590168891466893e-02 2.808108926820164150e-02 4.705498663263188528e-04
4.001712006824173495e-02 2.742956840050951930e-02 4.615004480215373459e-04
4.012833844756878710e-02 2.754870396821956086e-02 4.629785447023536003e-04
4.023955682689583924e-02 2.663075666275245904e-02 4.541968768550787533e-04
4.035077520622290526e-02 2.741951015409664280e-02 4.604273253476200080e-04
4.046199358554995740e-02 2.812278589737059187e-02 4.653019929587251134e-04
4.057321196487700954e-02 2.754119598255600973e-02 4.589483969082303332e-04
4.068443034420407556e-02 2.731025559926929941e-02 4.583168525556562882e-04
4.079564872353112770e-02 2.674787093384485559e-02 4.510945809541630600e-04
4.090686710285817984e-02 2.684074016691096604e-02 4.511751423161195580e-04
4.101808548218524586e-02 2.704612699250664998e-02 4.537606746786173283e-04
4.112930386151229800e-02 2.760313017353040188e-02 4.576722023057597688e-04
4.124052224083935014e-02 2.668250148733319199e-02 4.489003963261946426e-04
4.135174062016641616e-02 2.716620870980415020e-02 4.528308283668056370e-04
4.146295899949346830e-02 2.718008661367695214e-02 4.507912419104146340e-04
4.157417737882052045e-02 2.662937660379529475e-02 4.456494890692038651e-04
4.168539575814758646e-02 2.741075944339762399e-02 4.541270567677536626e-04
4.179661413747463861e-02 2.777118828712250853e-02 4.558674008967702530e-04
4.190783251680169075e-02 2.727090598514408590e-02 4.493364959932981862e-04
4.201905089612875677e-02 2.670738747938891308e-02 4.442753542264949763e-04
4.213026927545580891e-02 2.666210958177583912e-02 4.443438456424972003e-04
4.224148765478286105e-02 2.585747304205928548e-02 4.363424254864697784e-04
4.235270603410992707e-02 2.709310972177796789e-02 4.551103976729275720e-04
4.246392441343697921e-02 2.702230224688711296e-02 4.593402129266383198e-04
4.257514279276403135e-02 2.618367042453902810e-02 4.527296921578507507e-04
4.268636117209109737e-02 2.728504698830440042e-02 4.655429427033771616e-04
4.279757955141814951e-02 2.682198397239247967e-02 4.615335488419263616e-04
4.290879793074520165e-02 2.683256032779880729e-02 4.612909014542469115e-04
4.302001631007226767e-02 3.178316411193121693e-02 5.083820080516474960e-04
4.313123468939931981e-02 2.703959664741627938e-02 4.640236150078622221e-04
4.324245306872637196e-02 2.641586488928168372e-02 4.596506058398293457e-04
4.335367144805343798e-02 2.673515740060588772e-02 4.631459691901936341e-04
4.346488982738049012e-02 2.650387063639240634e-02 4.614611913517766874e-04
4.357610820670754226e-02 2.748109097093136277e-02 4.708471988592956617e-04
4.368732658603460828e-02 2.659175435568471996e-02 4.617159910068421467e-04
4.379854496536166042e-02 2.657782129868549448e-02 4.627039077650172533e-04
4.390976334468871256e-02 2.630063153785864444e-02 4.612104455624024954e-04
4.402098172401577858e-02 2.675917159948019985e-02 4.643840099241971836e-04
4.413220010334283072e-02 2.689324865587471025e-02 4.649779904576858557e-04
4.424341848266988286e-02 2.642277692395049449e-02 4.614614472382383924e-04
4.435463686199694888e-02 2.642727281789081228e-02 4.616046539339231322e-04
4.446585524132400102e-02 2.706741536485251717e-02 4.677528550137655615e-04
4.457707362065105317e-02 2.662171301073484528e-02 4.629261514728743969e-04
4.468829199997811918e-02 2.598005733016514954e-02 4.562960445589635304e-04
4.479951037930517133e-02 2.685298024945962508e-02 4.644983153487701379e-04
4.491072875863222347e-02 2.760378571984984167e-02 4.721220307058060115e-04
4.502194713795928949e-02 2.691874425103095783e-02 4.679391116657404632e-04
4.513316551728634163e-02 2.634280357571610817e-02 4.706875646166522212e-04
4.524438389661339377e-02 2.624483137574888658e-02 4.749781218983666498e-04
4.535560227594045979e-02 2.617041927265666146e-02 4.778846928217423936e-04
4.546682065526751193e-02 2.575741572613067867e-02 4.759338265524011200e-04
4.557803903459456407e-02 2.587346018314671051e-02 4.799576850537249414e-04
4.568925741392163009e-02 2.614477187919499873e-02 4.777728771423311047e-04
4.580047579324868223e-02 2.659630628218272869e-02 4.762554673951309263e-04
4.591169417257573437e-02 2.666994553149503941e-02 4.754426134040109814e-04
4.602291255190280039e-02 2.635587421877732747e-02 4.726195226717909621e-04
4.613413093122985253e-02 2.637525145691193076e-02 4.727642535112755863e-04
4.624534931055690468e-02 2.671392380988828891e-02 4.755571995099080931e-04
4.635656768988397070e-02 2.691952351476488078e-02 4.767307483140734376e-04
4.646778606921102284e-02 2.589275617594581635e-02 4.660551730495768883e-04
4.657900444853807498e-02 2.630524241756156817e-02 4.700763484041811462e-04
4.669022282786514100e-02 2.575779288055256300e-02 4.644022623085092673e-04
4.680144120719219314e-02 2.583365043558877305e-02 4.650675923214763158e-04
4.691265958651924528e-02 2.554091094129914627e-02 4.612898840207373444e-04
4.702387796584631130e-02 2.610009910648196374e-02 4.660642440604032097e-04
4.713509634517336344e-02 2.574066134509762557e-02 4.616137924927960910e-04
4.724631472450041558e-02 2.685914072261116198e-02 4.725644348667521161e-04
4.735753310382748160e-02 2.635642968131997332e-02 4.664591940473517689e-04
4.746875148315453374e-02 2.690155670015997522e-02 4.714207560320405840e-04
4.757996986248158588e-02 2.635095211740825713e-02 4.644223772223253499e-04
4.769118824180865190e-02 2.580796371479297108e-02 4.583588492377625419e-04
4.780240662113570405e-02 2.708890930066383887e-02 4.721137739524662678e-04
4.791362500046275619e-02 2.628913563997576849e-02 4.634824592339349832e-04
4.802484337978982221e-02 2.626076749632223414e-02 4.631884874872294684e-04
4.813606175911687435e-02 2.634811021216280219e-02 4.647928514808521397e-04
4.824728013844392649e-02 2.596992514621802514e-02 4.611715630210425142e-04
4.835849851777099251e-02 2.537088830402818573e-02 4.546683875662726722e-04
4.846971689709804465e-02 2.554516440910850963e-02 4.554732942573019774e-04
4.858093527642509679e-02 2.697266540745237723e-02 4.692419638444816194e-04
4.869215365575216281e-02 2.594577390673873107e-02 4.584912640420702704e-04
4.880337203507921495e-02 2.596950215592798775e-02 4.574869637908288871e-04
4.891459041440626709e-02 2.588639094732692048e-02 4.579345755479467686e-04
4.902580879373333311e-02 2.658655075812864366e-02 4.651692632957731281e-04
4.913702717306038525e-02 2.619506209741754785e-02 4.602892346026195682e-04
4.924824555238743740e-02 2.552605974346192075e-02 4.538462679347895806e-04
4.935946393171450342e-02 2.618468690100700033e-02 4.599883559663718721e-04
4.947068231104155556e-02 2.627476571828157859e-02 4.589850699073619875e-04
4.958190069036860770e-02 2.607857702861697893e-02 4.561388937230452523e-04
4.969311906969567372e-02 2.674408350721837677e-02 4.621504618766324657e-04
4.980433744902272586e-02 2.672831494647269837e-02 4.599804326544125921e-04
4.991555582834977800e-02 2.620566993755544388e-02 4.552155362842681035e-04
5.002677420767684402e-02 2.582023849829949425e-02 4.521446937597131698e-04
5.013799258700389616e-02 2.542129944749399462e-02 4.467743095643180156e-04
5.024921096633094830e-02 2.634928816011461103e-02 4.564257074458403477e-04
5.036042934565801432e-02 2.530169740279992335e-02 4.480295679412349104e-04
5.047164772498506646e-02 2.628563409573941162e-02 4.575559472502626636e-04
5.058286610431211860e-02 2.592903557898870032e-02 4.531891610798010825e-04
5.069408448363918462e-02 2.618946403999136002e-02 4.566312815743387007e-04
5.080530286296623677e-02 2.555372776034051108e-02 4.502780146435595050e-04
5.091652124229328891e-02 2.604248110718763998e-02 4.546640917209778953e-04
5.102773962162035493e-02 2.574249388628236518e-02 4.512880619053769764e-04
5.113895800094740707e-02 2.595856709718859234e-02 4.531713904109999579e-04
5.125017638027445921e-02 2.601037981095606633e-02 4.529376391250584770e-04
5.136139475960152523e-02 2.671935163961922099e-02 4.587049856159878506e-04
5.147261313892857737e-02 2.659076499706465591e-02 4.591212232769981247e-04
5.158383151825562951e-02 2.538843352030057191e-02 4.476925222628120671e-04
5.169504989758269553e-02 2.575784719889816915e-02 4.502755052826268637e-04
5.180626827690974767e-02 2.635927670180011201e-02 4.554531051532816218e-04
5.191748665623679981e-02 2.654581143290339965e-02 4.571030930409866353e-04
5.202870503556386583e-02 2.572546275048845366e-02 4.485242440139466935e-04
5.213992341489091797e-02 2.551543393124863432e-02 4.465959206629999817e-04
5.225114179421797012e-02 2.597167783201907026e-02 4.516689704507638155e-04
5.236236017354503613e-02 2.561719833077934563e-02 4.474096663190653108e-04
5.247357855287208828e-02 2.603708372717529473e-02 4.512125726693639585e-04
5.258479693219914042e-02 2.621092670506438432e-02 4.522858733760716835e-04
5.269601531152620644e-02 2.533920640497733592e-02 4.431357241502140686e-04
5.280723369085325858e-02 2.514173005754177445e-02 4.416031518130378287e-04
5.291845207018031072e-02 2.505395988666560617e-02 4.415111993601791981e-04
5.302967044950737674e-02 2.610657539388138576e-02 4.512431757817182178e-04
5.314088882883442888e-02 2.592088790491783520e-02 4.482008001447081928e-04
5.325210720816148102e-02 2.602806883531550569e-02 4.493471335847468943e-04
5.336332558748854704e-02 2.605009814485914621e-02 4.502801786242067940e-04
5.347454396681559918e-02 2.496785338541281790e-02 4.391748960823630625e-04
5.358576234614265132e-02 2.616478666315127238e-02 4.493631927909855824e-04
5.369698072546971734e-02 2.607907961461473217e-02 4.470068453974719255e-04
5.380819910479676949e-02 2.554421370947503739e-02 4.421613775338632184e-04
5.391941748412382163e-02 2.482927164336133294e-02 4.370602138347835048e-04
5.403063586345088765e-02 2.563293821871674705e-02 4.448971352869081201e-04
5.414185424277793979e-02 2.541770616644591432e-02 4.416210377192050980e-04
5.425307262210499193e-02 2.578240722684679853e-02 4.448830485916286347e-04
5.436429100143205795e-02 2.488659486506033039e-02 4.361386396448144686e-04
5.447550938075911009e-02 2.592101835748623906e-02 4.449501936788836953e-04
5.458672776008616223e-02 2.569035260626927747e-02 4.414831310086086936e-04
5.469794613941322825e-02 2.443563514894449631e-02 4.307850385727780449e-04
5.480916451874028039e-02 2.529820971541713037e-02 4.396367794810221853e-04
5.492038289806733253e-02 2.584032940363047842e-02 4.427927853728573092e-04
5.503160127739439855e-02 2.521076504016872208e-02 4.346086983242017517e-04
5.514281965672145069e-02 2.598064914616873833e-02 4.425448374076435096e-04
5.525403803604850284e-02 2.563604250066682522e-02 4.399461844335410634e-04
5.536525641537556885e-02 2.529072506001253315e-02 4.352719380582499879e-04
5.547647479470262100e-02 2.521874688418645344e-02 4.354834078714494693e-04
5.558769317402967314e-02 2.424070108963935141e-02 4.268584795067655773e-04
5.569891155335673916e-02 2.406741658294181754e-02 4.241868270223923625e-04
5.581012993268379130e-02 2.505153223525279776e-02 4.338458880015781715e-04
5.592134831201084344e-02 2.507683166361038968e-02 4.342252042301525893e-04
5.603256669133790946e-02 2.468005871221910438e-02 4.296010206876999752e-04
5.614378507066496160e-02 2.496950037825834690e-02 4.318515422779984074e-04
5.625500344999201374e-02 2.572437525017345905e-02 4.389313810694453022e-04
5.636622182931907976e-02 2.624334935094578547e-02 4.438956094525400614e-04
5.647744020864613190e-02 2.494844459207254742e-02 4.318044538045820620e-04
5.658865858797318404e-02 2.547542300719433245e-02 4.365150164363699016e-04
5.669987696730025006e-02 2.546414447351815283e-02 4.358951063252702570e-04
5.681109534662730221e-02 2.499553907732125768e-02 4.316900351102381035e-04
5.692231372595435435e-02 2.567156526012380827e-02 4.382230163844018735e-04
5.703353210528142037e-02 2.475822704815436662e-02 4.285359671561641453e-04
5.714475048460847251e-02 2.546874024044263121e-02 4.351746091998118303e-04
5.725596886393552465e-02 2.520362611564892427e-02 4.325348548082534128e-04
5.736718724326259067e-02 2.527004182694495005e-02 4.338274103203042828e-04
5.747840562258964281e-02 2.518650826055254116e-02 4.320143691001526644e-04
5.758962400191669495e-02 2.612196529159292735e-02 4.431020930925612345e-04
5.770084238124376097e-02 2.702776035169919197e-02 4.615656843327730556e-04
5.781206076057081311e-02 2.515766556281846117e-02 4.460981683015365767e-04
5.792327913989786525e-02 2.567895694860674108e-02 4.531944379377772676e-04
5.803449751922493127e-02 2.546037073413962015e-02 4.521049141661370968e-04
5.814571589855198341e-02 2.466403391782678520e-02 4.458784107565439336e-04
5.825693427787903556e-02 2.447804276518005320e-02 4.461685153469554729e-04
5.836815265720610157e-02 2.533057587073323999e-02 4.555565222704679486e-04
5.847937103653315372e-02 2.543876897137958490e-02 4.575522877403243103e-04
5.859058941586020586e-02 2.586062975522381360e-02 4.619981883558887514e-04
5.870180779518727188e-02 2.438795342766462287e-02 4.477034912300310236e-04
5.881302617451432402e-02 2.598113940760050922e-02 4.670407591686165892e-04
5.892424455384137616e-02 2.520271528972120242e-02 4.591241435952331880e-04
5.903546293316844218e-02 2.558010514496269344e-02 4.625407450590374148e-04
5.914668131249549432e-02 2.546608924575415045e-02 4.623530863680257240e-04
5.925789969182254646e-02 2.477275560860036155e-02 4.557793861542578902e-04
5.936911807114961248e-02 2.477297933327992849e-02 4.560603629475202311e-04
5.948033645047666462e-02 2.531000175386515644e-02 4.622964491911638724e-04
5.959155482980371676e-02 2.419215769913140440e-02 4.511221617609448438e-04
5.970277320913078278e-02 2.549847350990011585e-02 4.666147987186770418e-04
5.981399158845783492e-02 2.535540536355642902e-02 4.655519282899882555e-04
5.992520996778488707e-02 2.508811129387723826e-02 4.640268924659780511e-04
6.003642834711195309e-02 2.474173106972772304e-02 4.604035189617191009e-04
6.014764672643900523e-02 2.524764418849938588e-02 4.641919188876387505e-04
6.025886510576605737e-02 2.482000151782979419e-02 4.614680073124177414e-04
6.037008348509312339e-02 2.472290172218950810e-02 4.623834112805958645e-04
6.048130186442017553e-02 2.556406726639893698e-02 4.707143602990815378e-04
6.059252024374722767e-02 2.433633515002365383e-02 4.576500963662542072e-04
6.070373862307429369e-02 2.467064108958612334e-02 4.608185983828954170e-04
6.081495700240134583e-02 2.554557472338710167e-02 4.709237087199355932e-04
6.092617538172839797e-02 2.460065100145518088e-02 4.627304039864907001e-04
6.103739376105546399e-02 2.471559293740216434e-02 4.646406248262104619e-04
6.114861214038251613e-02 2.519057168131150562e-02 4.694276815697477601e-04
6.125983051970956828e-02 2.465018318731174510e-02 4.628152157683568420e-04
6.137104889903663429e-02 2.468319448454543708e-02 4.634281095912339780e-04
6.148226727836368644e-02 2.496888236332153038e-02 4.676133151515458886e-04
6.159348565769073858e-02 2.498548760815014202e-02 4.678339334123252070e-04
6.170470403701780460e-02 2.510151045384291166e-02 4.697948234447033695e-04
6.181592241634485674e-02 2.443973961261150865e-02 4.641363628036429523e-04
6.192714079567190888e-02 2.566430730481232894e-02 4.763104645364850420e-04
6.203835917499897490e-02 2.459897239655644413e-02 4.643374701022451052e-04
6.214957755432602704e-02 2.530627035255311741e-02 4.717261055788243319e-04
6.226079593365307918e-02 2.541180556711142985e-02 4.728679311981750719e-04
6.237201431298014520e-02 2.470161055998380817e-02 4.666736505445542296e-04
6.248323269230719734e-02 2.619004060911650847e-02 4.815486481894194477e-04
6.259445107163424948e-02 2.528223858328237234e-02 4.712799706879651864e-04
6.270566945096131550e-02 2.507284019097138356e-02 4.715334270988248396e-04
6.281688783028838152e-02 2.448513335426153945e-02 4.652927852454593304e-04
6.292810620961541979e-02 2.572591545892076101e-02 4.778919426478379158e-04
6.303932458894248581e-02 2.563955400085515118e-02 4.775453297091139700e-04
6.315054296826955182e-02 2.444816187929204840e-02 4.661136163618516816e-04
6.326176134759659009e-02 2.435701069510924632e-02 4.652395053813899442e-04
6.337297972692365611e-02 2.463865451773575993e-02 4.664503719925824974e-04
6.348419810625072213e-02 2.554405830863809915e-02 4.771133918864411418e-04
6.359541648557776039e-02 2.534458207341360250e-02 4.760876323779768987e-04
6.370663486490482641e-02 2.432621103852037475e-02 4.654047529749438892e-04
6.381785324423189243e-02 2.542594703195127578e-02 4.782004264278279671e-04
6.392907162355893069e-02 2.485534374528931140e-02 4.719555327530967686e-04
6.404029000288599671e-02 2.406075974466539286e-02 4.644840010033946670e-04
6.415150838221306273e-02 2.464437960964929036e-02 4.700644663771442783e-04
6.426272676154010099e-02 2.532335752631956552e-02 4.769029602258880829e-04
6.437394514086716701e-02 2.479071764150401341e-02 4.727155701606677190e-04
6.448516352019423303e-02 2.466135637830839736e-02 4.714092521396089411e-04
6.459638189952127130e-02 2.507496831571939463e-02 4.767547233506585829e-04
6.470760027884833732e-02 2.524541482696018857e-02 4.784383078207924854e-04
6.481881865817540334e-02 2.527231144487444153e-02 4.769850078693224095e-04
6.493003703750244160e-02 2.505510974863764742e-02 4.751304626163438730e-04
6.504125541682950762e-02 2.564822434055508485e-02 4.807960611848030694e-04
6.515247379615657364e-02 2.611549699943523789e-02 4.854100690529983752e-04
6.526369217548361190e-02 2.577867513276036610e-02 4.839022629248101006e-04
6.537491055481067792e-02 2.541148292044675960e-02 4.792288035138525678e-04
6.548612893413774394e-02 2.547764824212066931e-02 4.784189110923798573e-04
6.559734731346478220e-02 2.545613764200360327e-02 4.799081834424752673e-04
6.570856569279184822e-02 2.572753482263827329e-02 4.851786022017313613e-04
6.581978407211891424e-02 2.530471361895525809e-02 4.809162996742797637e-04
6.593100245144595251e-02 2.524138807083209021e-02 4.790575318245780465e-04
6.604222083077301853e-02 2.502602040100634917e-02 4.764572105337495683e-04
6.615343921010008454e-02 2.431103429712648534e-02 4.700857396420340581e-04
6.626465758942712281e-02 2.566597308058424926e-02 4.854188145834314083e-04
6.637587596875418883e-02 2.406233897502266239e-02 4.679210721948972988e-04
6.648709434808125485e-02 2.506917874914365435e-02 4.793375789082295491e-04
6.659831272740829311e-02 2.569795437716002745e-02 4.852583958005248096e-04
6.670953110673535913e-02 2.507996904936013460e-02 4.793482973303860527e-04
6.682074948606242515e-02 2.599595052393908340e-02 4.899782729450518313e-04
6.693196786538946341e-02 2.577625907359916771e-02 4.877688863868829693e-04
6.704318624471652943e-02 2.481178350511696606e-02 4.773433312418909314e-04
6.715440462404359545e-02 2.526835686988074259e-02 4.818488004359479902e-04
6.726562300337063371e-02 2.480266050777343509e-02 4.764352006229901054e-04
6.737684138269769973e-02 2.486797952578077148e-02 4.782348169669710857e-04
6.748805976202476575e-02 2.537519590870722375e-02 4.845764857656788922e-04
6.759927814135180402e-02 2.428052235044877993e-02 4.724939816468143360e-04
6.771049652067887004e-02 2.529470807254344603e-02 4.829649123551665196e-04
6.782171490000593606e-02 2.581642910903385324e-02 4.878496953756059984e-04
6.793293327933297432e-02 2.478292819904588315e-02 4.783238699822298188e-04
6.804415165866004034e-02 2.473478062262407864e-02 4.787589943912259091e-04
6.815537003798710636e-02 2.520285674529694833e-02 4.841024484678312111e-04
6.826658841731414462e-02 2.483499224510454448e-02 4.804609709339678733e-04
6.837780679664121064e-02 2.433036699748699835e-02 4.755958905628468718e-04
6.848902517596827666e-02 2.454101573064916206e-02 4.790568829381808497e-04
6.860024355529531492e-02 2.436850244934611609e-02 4.758510380117646427e-04
6.871146193462238094e-02 2.478307344366786902e-02 4.793856452649189492e-04
6.882268031394944696e-02 2.459960046887739102e-02 4.785159710035956663e-04
6.893389869327648523e-02 2.490897446183349892e-02 4.823895511927589756e-04
6.904511707260355124e-02 2.507496732389665611e-02 4.838680973227090106e-04
6.915633545193061726e-02 2.511953973731059775e-02 4.839313550518580301e-04
6.926755383125765553e-02 2.477180286782644861e-02 4.792590806710020509e-04
6.937877221058472155e-02 2.491400800605366589e-02 4.815536655436929809e-04
6.948999058991178757e-02 2.499101954857158372e-02 4.834433831422171304e-04
6.960120896923882583e-02 2.497052033350356456e-02 4.831710597662511515e-04
6.971242734856589185e-02 2.517271477041608044e-02 4.861666009975060547e-04
6.982364572789295787e-02 2.537304060247969062e-02 4.873805271139860173e-04
6.993486410721999613e-02 2.556114787721099763e-02 4.891043687989176996e-04
7.004608248654706215e-02 2.473817782431042556e-02 4.808496780532912386e-04
7.015730086587412817e-02 2.530706610595358230e-02 4.878220638255752022e-04
7.026851924520116643e-02 2.478756094219368780e-02 4.843484350044559099e-04
7.037973762452823245e-02 2.454345295251104953e-02 4.804603709762821822e-04
7.049095600385529847e-02 2.491107292182639585e-02 4.833620049100059799e-04
7.060217438318233674e-02 2.509438202950067809e-02 4.856160966590184836e-04
7.071339276250940276e-02 2.467985030584690306e-02 4.804584967122680641e-04
7.082461114183646878e-02 2.422577733168524913e-02 4.761292118592459614e-04
7.093582952116350704e-02 2.456803403664704552e-02 4.803849965865095379e-04
7.104704790049057306e-02 2.489508021873577601e-02 4.844825342900497579e-04
7.115826627981763908e-02 2.446964926480393182e-02 4.798387482914379912e-04
7.126948465914467734e-02 2.521307192860109889e-02 4.880069965552049781e-04
7.138070303847174336e-02 2.465861684305326734e-02 4.809704711537823819e-04
7.149192141779880938e-02 2.429760595524243366e-02 4.777405184261925356e-04
7.160313979712584764e-02 2.440975341970937421e-02 4.795177107397462419e-04
7.171435817645291366e-02 2.468686535828881062e-02 4.823576538238469953e-04
7.182557655577997968e-02 2.429566121673617379e-02 4.777322621826223729e-04
7.193679493510701795e-02 2.458737042251064181e-02 4.810633956992225731e-04
7.204801331443408396e-02 2.416941478062258411e-02 4.780444771871051571e-04
7.215923169376114998e-02 2.381203654770915751e-02 4.747303871776924981e-04
7.227045007308818825e-02 2.508474999496245611e-02 4.880634969575088416e-04
7.238166845241525427e-02 2.477855262070764383e-02 4.837137405325525239e-04
7.249288683174232029e-02 2.462129060462656810e-02 4.831879283481563172e-04
7.260410521106935855e-02 2.452969892773836785e-02 4.811794104972021298e-04
7.271532359039642457e-02 2.581465019529735616e-02 4.944648086777864247e-04
7.282654196972349059e-02 2.455773382126097762e-02 4.804166059701527481e-04
7.293776034905052885e-02 2.549746480633906590e-02 4.924382806450954778e-04
7.304897872837759487e-02 2.523351580617003501e-02 4.895464142266145891e-04
7.316019710770466089e-02 2.463448520133478328e-02 4.809531252351310232e-04
7.327141548703169915e-02 2.488179334393318676e-02 4.851374723330807021e-04
7.338263386635876517e-02 2.512520548048424729e-02 4.878124807785961452e-04
7.349385224568583119e-02 2.690441008517343788e-02 5.079988730017565620e-04
7.360507062501286946e-02 2.438265518357782269e-02 4.811759693096347547e-04
7.371628900433993548e-02 2.407307802793180393e-02 4.764804514703806031e-04
7.382750738366700149e-02 2.411925761083535957e-02 4.772495491654798658e-04
7.393872576299403976e-02 2.535036506750090735e-02 4.897886265147514354e-04
7.404994414232110578e-02 2.495988932501025381e-02 4.850156693349356660e-04
7.416116252164817180e-02 2.490709241794433759e-02 4.864841263647994561e-04
7.427238090097521006e-02 2.387680573765488604e-02 4.743264056056270051e-04
7.438359928030227608e-02 2.456551362612469439e-02 4.821669378053637114e-04
7.449481765962934210e-02 2.493399687317660041e-02 4.859898969934628899e-04
7.460603603895638036e-02 2.562833669338917056e-02 4.926494459042305915e-04
7.471725441828344638e-02 2.467251865742070907e-02 4.832174037638598354e-04
7.482847279761051240e-02 2.504917252604448030e-02 4.884055937670355634e-04
7.493969117693755067e-02 2.434561121432624389e-02 4.800434684143846300e-04
7.505090955626461668e-02 2.457353346526395393e-02 4.833430478898618999e-04
7.516212793559168270e-02 2.438208724187366713e-02 4.806892566169738913e-04
7.527334631491872097e-02 2.558937129855623493e-02 4.932476331601250673e-04
7.538456469424578699e-02 2.505568030423696926e-02 4.891688423373140521e-04
7.549578307357285301e-02 2.416047090009694129e-02 4.807925487753471187e-04
7.560700145289989127e-02 2.511603393235726719e-02 4.900833212591396149e-04
7.571821983222695729e-02 2.383412345385489337e-02 4.753874789743775964e-04
7.582943821155402331e-02 2.419106880356755931e-02 4.810583274058769063e-04
7.594065659088106157e-02 2.481113458035313218e-02 4.876512082120957009e-04
7.605187497020812759e-02 2.556756196107242904e-02 4.950154747627139680e-04
7.616309334953519361e-02 2.449287058830188629e-02 4.830751045136636931e-04
7.627431172886223187e-02 2.481812591400150980e-02 4.871366036415665751e-04
7.638553010818929789e-02 2.431840394300133212e-02 4.817689590809870318e-04
7.649674848751636391e-02 2.325865660476359245e-02 4.708187273376835346e-04
7.660796686684340218e-02 2.451161937770631599e-02 4.853588514898786303e-04
7.671918524617046820e-02 2.500973893341157731e-02 4.902982349547995540e-04
7.683040362549753421e-02 2.427950340783212313e-02 4.816823731345872884e-04
7.694162200482457248e-02 2.360173520921447082e-02 4.747581204783827874e-04
7.705284038415163850e-02 2.413265872273738163e-02 4.810737237291256674e-04
7.716405876347870452e-02 2.447621547869796577e-02 4.843100718087667267e-04
7.727527714280574278e-02 2.430627487711193094e-02 4.831989460060370192e-04
7.738649552213280880e-02 2.439641804789930910e-02 4.849905318588700726e-04
7.749771390145987482e-02 2.382904235876781573e-02 4.765986519801037008e-04
7.760893228078691308e-02 2.472642717057415424e-02 4.877985488137621299e-04
7.772015066011397910e-02 2.471506276797022505e-02 4.879014717448631197e-04
7.783136903944104512e-02 2.518132137458569536e-02 4.911863344070243253e-04
7.794258741876808338e-02 2.391288740029769155e-02 4.771059887247644624e-04
7.805380579809514940e-02 2.425281090930040198e-02 4.821790226562797988e-04
7.816502417742221542e-02 2.495802324908319436e-02 4.897046090706307217e-04
7.827624255674925369e-02 2.468374609961256766e-02 4.863519980860472338e-04
7.838746093607631971e-02 2.531069618369294685e-02 4.950803065090749128e-04
7.849867931540338573e-02 2.367191673125257356e-02 4.766389536806197582e-04
7.860989769473042399e-02 2.512068250838393399e-02 4.907842240331129931e-04
7.872111607405749001e-02 2.422705684975456214e-02 4.806661969686826653e-04
7.883233445338455603e-02 2.435490635595943809e-02 4.842956441196721883e-04
7.894355283271159429e-02 2.457641826369571722e-02 4.855195683748576613e-04
7.905477121203866031e-02 2.547781007285892380e-02 4.954511581974260217e-04
7.916598959136572633e-02 2.461945947272532742e-02 4.878747469006900167e-04
7.927720797069276459e-02 2.426586482904483089e-02 4.837759287048201684e-04
7.938842635001983061e-02 2.376037404135307798e-02 4.763106363333398331e-04
7.949964472934689663e-02 2.515449838003740862e-02 4.923110442515887721e-04
7.961086310867393490e-02 2.507211852179702660e-02 4.915669175385444130e-04
7.972208148800100092e-02 2.450326902556077338e-02 4.847433779110194171e-04
7.983329986732806693e-02 2.485388533530871399e-02 4.891683756853753900e-04
7.994451824665510520e-02 2.432455840169260586e-02 4.832545878164605101e-04
8.005573662598217122e-02 2.445988113545848053e-02 4.843804456076228164e-04
8.016695500530923724e-02 2.482496500293420588e-02 4.901408900047838670e-04
8.027817338463627550e-02 2.467761071232460815e-02 4.883342803904288558e-04
8.038939176396334152e-02 2.505373502321501036e-02 4.925584122589336247e-04
8.050061014329040754e-02 2.430530259653392380e-02 4.837071063108616393e-04
8.061182852261744580e-02 2.460954117978207678e-02 4.869275457060296894e-04
8.072304690194451182e-02 2.456481938606697168e-02 4.882433296658910695e-04
8.083426528127157784e-02 2.503682650062738838e-02 4.930085675264498464e-04
8.094548366059861610e-02 2.416002317123431761e-02 4.825272818239861416e-04
8.105670203992568212e-02 2.437603302477070813e-02 4.851665151517924632e-04
8.116792041925274814e-02 2.394728142218834760e-02 4.802362821898336622e-04
8.127913879857978641e-02 2.464489182986049146e-02 4.896049928677417276e-04
8.139035717790685243e-02 2.477615489986428193e-02 4.919617788489675939e-04
8.150157555723391845e-02 2.429416911753408057e-02 4.861059599924699259e-04
8.161279393656095671e-02 2.390257110226984977e-02 4.815428271317010269e-04
8.172401231588802273e-02 2.316652028687450279e-02 4.731842250405265526e-04
8.183523069521508875e-02 2.440550918941870873e-02 4.862845063612187104e-04
8.194644907454212701e-02 2.523491160749219073e-02 4.951578518121738321e-04
8.205766745386919303e-02 2.367291668183407055e-02 4.791569664315139220e-04
8.216888583319625905e-02 2.431541456355345091e-02 4.875813018583726138e-04
8.228010421252329731e-02 2.540328258897129807e-02 4.980327606088737679e-04
8.239132259185036333e-02 2.411822478243483975e-02 4.839657048487312394e-04
8.250254097117742935e-02 2.431882352431625691e-02 4.866831575446323036e-04
8.261375935050446762e-02 2.431494699608905546e-02 4.864218499957020892e-04
8.272497772983153363e-02 2.453130588180838303e-02 4.892918094466662581e-04
8.283619610915859965e-02 2.446823777130540875e-02 4.883772350075678932e-04
8.294741448848563792e-02 2.433494011253679867e-02 4.869177295120731054e-04
8.305863286781270394e-02 2.420045215099989044e-02 4.839584886194802618e-04
8.316985124713976996e-02 2.404214249363356010e-02 4.835610432332353788e-04
8.328106962646680822e-02 2.456758573872253396e-02 4.902241673976233654e-04
8.339228800579387424e-02 2.393635699173028708e-02 4.830603625670793866e-04
8.350350638512094026e-02 2.471879413679092807e-02 4.915850298524664227e-04
8.361472476444797852e-02 2.441020831329507312e-02 4.858274610803637586e-04
8.372594314377504454e-02 2.565482523532608417e-02 5.005524184672384283e-04
8.383716152310211056e-02 2.495234819083268218e-02 4.927892136096980596e-04
8.394837990242914882e-02 2.373187997554944417e-02 4.791170855620985715e-04
8.405959828175621484e-02 2.413953380475382035e-02 4.842751774930426100e-04
8.417081666108328086e-02 2.473415867255117015e-02 4.917905217743761799e-04
8.428203504041031913e-02 2.439981412510044967e-02 4.877749139077958585e-04
8.439325341973738515e-02 2.335480312731015584e-02 4.756875309423645379e-04
8.450447179906445117e-02 2.417614583880801568e-02 4.855980665011641216e-04
8.461569017839148943e-02 2.478381587404973607e-02 4.917184676091462120e-04
8.472690855771855545e-02 2.404195720168643760e-02 4.838971091853687054e-04
8.483812693704562147e-02 2.423566943939259657e-02 4.872398305921457769e-04
8.494934531637265973e-02 2.405801247553306099e-02 4.867049884906722037e-04
8.506056369569972575e-02 2.404947213627694341e-02 4.864876267416302393e-04
8.517178207502679177e-02 2.366398348567596427e-02 4.802810931122047326e-04
8.528300045435383003e-02 2.415901259519766947e-02 4.859484558849367784e-04
8.539421883368089605e-02 2.432264112561940278e-02 4.884878086322429940e-04
8.550543721300796207e-02 2.534403203767617019e-02 4.980662427152667470e-04
8.561665559233500034e-02 2.422973657104279463e-02 4.841764440413164191e-04
8.572787397166206635e-02 2.417948454816275239e-02 4.869300873807946048e-04
8.583909235098913237e-02 2.418400285154962900e-02 4.869883473978567855e-04
8.595031073031617064e-02 2.358990260040389961e-02 4.789750934859803781e-04
8.606152910964323666e-02 2.495004351240143539e-02 4.939574524860712362e-04
8.617274748897030268e-02 2.484171427839712912e-02 4.940179331918329681e-04
8.628396586829734094e-02 2.436246449617321744e-02 4.888936441643318030e-04
8.639518424762440696e-02 2.472289302196329502e-02 4.924897332057444170e-04
8.650640262695147298e-02 2.483461093787395213e-02 4.931925520183147839e-04
8.661762100627851124e-02 2.435559981918838934e-02 4.877855059827875895e-04
8.672883938560557726e-02 2.479165577346306715e-02 4.938580750728340310e-04
8.684005776493264328e-02 2.411980374852876544e-02 4.872967130997037078e-04
8.695127614425968154e-02 2.361880146513635481e-02 4.808229691660351841e-04
8.706249452358674756e-02 2.516904538271200545e-02 4.971261548962925938e-04
8.717371290291381358e-02 2.376016081319087120e-02 4.819505778317797985e-04
8.728493128224085185e-02 2.471069294536696465e-02 4.935910627232058994e-04
8.739614966156791787e-02 2.468522362946308848e-02 4.927121557518359838e-04
8.750736804089498388e-02 2.401854200141783843e-02 4.846871792116710324e-04
8.761858642022202215e-02 2.463815190386448375e-02 4.927142388204975567e-04
8.772980479954908817e-02 2.406118435985409032e-02 4.871596868628782356e-04
8.784102317887615419e-02 2.447013950656668282e-02 4.916388243232890694e-04
8.795224155820319245e-02 2.475525000625392047e-02 4.945629303642916147e-04
8.806345993753025847e-02 2.403404947591515281e-02 4.847146789972756899e-04
8.817467831685732449e-02 2.496498705139110069e-02 4.960084146155985122e-04
8.828589669618436275e-02 2.418437720192500792e-02 4.878733177290761722e-04
8.839711507551142877e-02 2.464945472214875866e-02 4.934606806022166564e-04
8.850833345483849479e-02 2.455479469970004922e-02 4.915791658210406185e-04
8.861955183416553306e-02 2.451869438348580621e-02 4.910450318254612782e-04
8.873077021349259907e-02 2.477086649828696627e-02 4.941305758316168325e-04
8.884198859281966509e-02 2.389642063372302699e-02 4.844385364226990788e-04
8.895320697214670336e-02 2.472749981904012739e-02 4.940735718349627747e-04
8.906442535147376938e-02 2.487260085462612152e-02 4.934665401672009210e-04
8.917564373080083540e-02 2.433247369413182176e-02 4.885348228917372766e-04
8.928686211012787366e-02 2.423044659769568038e-02 4.900200103786855150e-04
8.939808048945493968e-02 2.268308997712207425e-02 4.723711635796255608e-04
8.950929886878200570e-02 2.383755919004487689e-02 4.849339859255509446e-04
8.962051724810904396e-02 2.426286234159369393e-02 4.903717295023611589e-04
8.973173562743610998e-02 2.368718839323954994e-02 4.847292069168447019e-04
8.984295400676317600e-02 2.434088287540982914e-02 4.910102023397721650e-04
8.995417238609021426e-02 2.428115954495074780e-02 4.890538451710844123e-04
9.006539076541728028e-02 2.489624078400641885e-02 4.963473151352975872e-04
9.017660914474434630e-02 2.363243442436739963e-02 4.821317731088449097e-04
9.028782752407138457e-02 2.460989781574046339e-02 4.931467770523344490e-04
9.039904590339845059e-02 2.416379321398784766e-02 4.881938504624786456e-04
9.051026428272551660e-02 2.430150432208281336e-02 4.905306188406828886e-04
9.062148266205255487e-02 2.407973480095356930e-02 4.885259682552207548e-04
9.073270104137962089e-02 2.473976397157813187e-02 4.970966369352179323e-04
9.084391942070668691e-02 2.361167144386144834e-02 4.836068225570374886e-04
9.095513780003372517e-02 2.512597726067610990e-02 4.990110463561582207e-04
9.106635617936079119e-02 2.492665223918610201e-02 4.960312148107787244e-04
9.117757455868785721e-02 2.420213644280421600e-02 4.887979754399072486e-04
9.128879293801489547e-02 2.413429665090240442e-02 4.879146466006241628e-04
9.140001131734196149e-02 2.383140724182026410e-02 4.857236848956336130e-04
9.151122969666902751e-02 2.423331515085903540e-02 4.916544271557290883e-04
9.162244807599606577e-02 2.282743888133606514e-02 4.741947391503092035e-04
9.173366645532313179e-02 2.390564120795386771e-02 4.868107208645494860e-04
9.184488483465019781e-02 2.384721408547657920e-02 4.866324165018326691e-04
9.195610321397723608e-02 2.445334373053519375e-02 4.931277900771740370e-04
9.206732159330430210e-02 2.393799120948364098e-02 4.865793424864779844e-04
9.217853997263136812e-02 2.393578379587969068e-02 4.865640473549557709e-04
9.228975835195840638e-02 2.420830043309015606e-02 4.885719320149221976e-04
9.240097673128547240e-02 2.438447842397160892e-02 4.914523402217470119e-04
9.251219511061253842e-02 2.396350244663262088e-02 4.896239132950405172e-04
9.262341348993957668e-02 2.297634819047286378e-02 4.778513359455550144e-04
9.273463186926664270e-02 2.370733009684081183e-02 4.848912892060271715e-04
9.284585024859370872e-02 2.458051655534333399e-02 4.937111525465167359e-04
9.295706862792074698e-02 2.467448833638799868e-02 4.946674413725849232e-04
9.306828700724781300e-02 2.485897219311171066e-02 4.977359566423792629e-04
9.317950538657487902e-02 2.371437425226700230e-02 4.849396212442931911e-04
9.329072376590191729e-02 2.342562334120651055e-02 4.816260535380962379e-04
9.340194214522898331e-02 2.400472595388444472e-02 4.878584532577324301e-04
9.351316052455604932e-02 2.386933624291910638e-02 4.867326250340427802e-04
9.362437890388308759e-02 2.424189344831119072e-02 4.932020893353954031e-04
9.373559728321015361e-02 2.338920833831802451e-02 4.826678358249625648e-04
9.384681566253721963e-02 2.309151900275118949e-02 4.784512938529253000e-04
9.395803404186425789e-02 2.388188163607367007e-02 4.872553380043717478e-04
9.406925242119132391e-02 2.381968144494240811e-02 4.850794751555650357e-04
9.418047080051838993e-02 2.392080152050307315e-02 4.872665059185239591e-04
9.429168917984542819e-02 2.373893722372508869e-02 4.859600848343822652e-04
9.440290755917249421e-02 2.335525795952771849e-02 4.810685041524101631e-04
9.451412593849956023e-02 2.394064818117034449e-02 4.878294024190526785e-04
9.462534431782659849e-02 2.307779074784649040e-02 4.772330777827525996e-04
9.473656269715366451e-02 2.416906299537282740e-02 4.899326133736488535e-04
9.484778107648073053e-02 2.420335679028490228e-02 4.906891484325954155e-04
9.495899945580776880e-02 2.459835787677994851e-02 4.951734307738855402e-04
9.507021783513483482e-02 2.358787901767039202e-02 4.844078116345222444e-04
9.518143621446190084e-02 2.390943804030761649e-02 4.892871525380871212e-04
9.529265459378893910e-02 2.419136066533576768e-02 5.075060159608521223e-04
9.540387297311600512e-02 2.452030380938506268e-02 5.223564248858968357e-04
9.551509135244307114e-02 2.408714900461799563e-02 5.251350664412393707e-04
9.562630973177010940e-02 2.364927787858846220e-02 5.273905543411633355e-04
9.573752811109717542e-02 2.400353880239087384e-02 5.399246481150954489e-04
9.584874649042424144e-02 2.469353714204307673e-02 5.570092027214788378e-04
9.595996486975127970e-02 2.407479745021576592e-02 5.567483072637288135e-04
9.607118324907834572e-02 2.456582862088744698e-02 5.616149165606763079e-04
9.618240162840541174e-02 2.794246502064746604e-02 6.105084272697461172e-04
9.629362000773245001e-02 2.490640768158456850e-02 5.847153696981232177e-04
9.640483838705951602e-02 2.337677829773249574e-02 5.707009259362449353e-04
9.651605676638658204e-02 2.332919400988101022e-02 5.740291685049342786e-04
9.662727514571362031e-02 2.371645698030066043e-02 5.869867829491695350e-04
9.673849352504068633e-02 2.327367079681115850e-02 5.870995286135485478e-04
9.684971190436775235e-02 2.426774505542397126e-02 6.040038904738208574e-04
9.696093028369479061e-02 2.375567607025282774e-02 6.013243468076609087e-04
9.707214866302185663e-02 2.371491540010374141e-02 6.101586305527567861e-04
9.718336704234892265e-02 2.338725990828979112e-02 6.102944882286534100e-04
9.729458542167596091e-02 2.421605583582105842e-02 6.260888390988356752e-04
9.740580380100302693e-02 2.302939099453781349e-02 6.132232352764907610e-04
9.751702218033009295e-02 2.339107636824830708e-02 6.224212491920845655e-04
9.762824055965713121e-02 2.325469207461679233e-02 6.228782098622433552e-04
9.773945893898419723e-02 2.393432402854984986e-02 6.344202815569272014e-04
9.785067731831126325e-02 2.502934065414318468e-02 6.565756421807631641e-04
9.796189569763830152e-02 2.347659164062352796e-02 6.407771075859626346e-04
9.807311407696536754e-02 2.405276815317916941e-02 6.568876638386681593e-04
9.818433245629243356e-02 2.345940660196881369e-02 6.508217881898962663e-04
9.829555083561947182e-02 2.356601446432650057e-02 6.567698558231306518e-04
9.840676921494653784e-02 2.438908127644622351e-02 6.774728522299771618e-04
9.851798759427360386e-02 2.327713574538308947e-02 6.667754010097759346e-04
9.862920597360064212e-02 2.500313564133238575e-02 6.990399120323871531e-04
9.874042435292770814e-02 2.526060452679248017e-02 7.067496607905033755e-04
9.885164273225477416e-02 2.480812837227096626e-02 7.054954215082533163e-04
9.896286111158181242e-02 2.462231525566671228e-02 7.101442102692831146e-04
9.907407949090887844e-02 2.348479303920933403e-02 6.961350539190514766e-04
9.918529787023594446e-02 2.359320981549793347e-02 7.041240167340807920e-04
9.929651624956298273e-02 2.395141920850043724e-02 7.174343012233947272e-04
9.940773462889004874e-02 2.458264261187061150e-02 7.336506724168345315e-04
9.951895300821711476e-02 2.548491579325752251e-02 7.545922169684289018e-04
9.963017138754415303e-02 2.375691430244915303e-02 7.364561970393806046e-04
9.974138976687121905e-02 2.431493126447120331e-02 7.532050979260690102e-04
9.985260814619828507e-02 2.470786659002359442e-02 7.622175589795939865e-04
9.996382652552532333e-02 2.407091429794203444e-02 7.575808253531454142e-04
1.000750449048523893e-01 2.498459690171155045e-02 7.820959749837467449e-04
1.001862632841794554e-01 2.397569604222056505e-02 7.745497331489717896e-04
1.002974816635064936e-01 2.418320539146323264e-02 7.840308526721634667e-04
1.004087000428335597e-01 2.522363571308516503e-02 8.000389821358287051e-04
1.005199184221606257e-01 2.447308309912539850e-02 7.907938378870626051e-04
1.006311368014876639e-01 2.350100378551398667e-02 7.806805679385143189e-04
1.007423551808147300e-01 2.435141677455529563e-02 8.014144265689241396e-04
1.008535735601417960e-01 2.438215227894341766e-02 8.086933629324868835e-04
1.009647919394688342e-01 2.368663616503077426e-02 8.023638516984574762e-04
1.010760103187959003e-01 2.299359422246367857e-02 7.984108975157455830e-04
1.011872286981229663e-01 2.358506799055777592e-02 8.202782582416550793e-04
1.012984470774500045e-01 2.386224068949321583e-02 8.325610417153273728e-04
1.014096654567770706e-01 2.337425539323919471e-02 8.305152444139059838e-04
1.015208838361041366e-01 2.366537110033543195e-02 8.456280541143894715e-04
1.016321022154311748e-01 2.312130535741099141e-02 8.410808744582440061e-04
1.017433205947582409e-01 2.398626481710140410e-02 8.655783232067293777e-04
1.018545389740853069e-01 2.453276748820764838e-02 8.885321039363107670e-04
1.019657573534123451e-01 2.620923490465853004e-02 9.329179080923370162e-04
1.020769757327394112e-01 2.345868335916656555e-02 8.799681897265512710e-04
1.021881941120664772e-01 2.419858295103110082e-02 9.089900486601721740e-04
1.022994124913935154e-01 2.308144780842887045e-02 8.988881759138802816e-04
1.024106308707205815e-01 2.423589247514602169e-02 9.394650044726609618e-04
1.025218492500476475e-01 2.429659611144212306e-02 9.479594058889519604e-04
1.026330676293746857e-01 2.655451754658939498e-02 1.005969479105834003e-03
1.027442860087017518e-01 2.426127173604442772e-02 9.676293603277162474e-04
1.028555043880288178e-01 2.444690504204434511e-02 9.862677428675089165e-04
1.029667227673558560e-01 2.562606939471021722e-02 1.025930001920873818e-03
1.030779411466829221e-01 2.326115576259455558e-02 9.853169625320657397e-04
1.031891595260099881e-01 2.396102885153527165e-02 1.015826312569152691e-03
1.033003779053370264e-01 2.468483836077139601e-02 1.050002504253741593e-03
1.034115962846640924e-01 2.356762656478469942e-02 1.039848135128510712e-03
1.035228146639911584e-01 2.368136485134841873e-02 1.060079291653360980e-03
1.036340330433181967e-01 2.433273241107015289e-02 1.090795504673272662e-03
1.037452514226452627e-01 2.423863443473428178e-02 1.102151853952395774e-03
1.038564698019723287e-01 2.365203746271973828e-02 1.104806759207499879e-03
1.039676881812993670e-01 2.283600281699057349e-02 1.102119688086122297e-03
1.040789065606264330e-01 2.492536921559609583e-02 1.176147170867695210e-03
1.041901249399534990e-01 2.282892185923882100e-02 1.130289209031342616e-03
1.043013433192805373e-01 2.387719701765523075e-02 1.179077235797157137e-03
1.044125616986076033e-01 2.308821770912905871e-02 1.169117214835418018e-03
1.045237800779346693e-01 2.283811200840423633e-02 1.168143872747581628e-03
1.046349984572617076e-01 2.378556820071395933e-02 1.208456800629170496e-03
1.047462168365887736e-01 2.368115902592228192e-02 1.218456197341837455e-03
1.048574352159158396e-01 2.402661243070878735e-02 1.234468241261190346e-03
1.049686535952428779e-01 2.385554205312124393e-02 1.241960973851603594e-03
1.050798719745699439e-01 2.419976858821086541e-02 1.261130805076554747e-03
1.051910903538970099e-01 2.510910793881683534e-02 1.290373668551332825e-03
1.053023087332240482e-01 2.512533533106598924e-02 1.317239872491455166e-03
1.054135271125511142e-01 2.500281791792973232e-02 1.331361991428244712e-03
1.055247454918781802e-01 2.224196307060689187e-02 1.260887106700669382e-03
1.056359638712052185e-01 2.429225307210777438e-02 1.341585427728820418e-03
1.057471822505322845e-01 2.380431427141868270e-02 1.335458945736322676e-03
1.058584006298593505e-01 2.443517106534963401e-02 1.363668357202491065e-03
1.059696190091863888e-01 2.548984426489460040e-02 1.402697716894024237e-03
1.060808373885134548e-01 2.652135850454329091e-02 1.468509614603843516e-03
1.061920557678405208e-01 2.612405961726307554e-02 1.465519304449675302e-03
1.063032741471675591e-01 2.398218453445958437e-02 1.402985535912634404e-03
1.064144925264946251e-01 2.519644370538085335e-02 1.479244032178458033e-03
1.065257109058216911e-01 2.112837450518426086e-02 1.351118707978725885e-03
1.066369292851487294e-01 2.696871909959563940e-02 1.571360946888680039e-03
1.067481476644757954e-01 2.597332282000135509e-02 1.562582083732814162e-03
1.068593660438028614e-01 2.400861229647188039e-02 1.526459311381380074e-03
1.069705844231298997e-01 2.015106831744874899e-02 1.401634267384917285e-03
1.070818028024569657e-01 2.196855327582997522e-02 1.476802373449600820e-03
1.071930211817840317e-01 2.499182348432392800e-02 1.602145703982603680e-03
1.073042395611110700e-01 2.583536329209294019e-02 1.653160675767358827e-03
1.074154579404381360e-01 2.405961271012057104e-02 1.613740593248607800e-03
1.075266763197652020e-01 2.501791911725971540e-02 1.675179338573074255e-03
1.076378946990922403e-01 2.374334287509963573e-02 1.656971575980582378e-03
1.077491130784193063e-01 2.148863020205065560e-02 1.606312409013544102e-03
1.078603314577463723e-01 2.588851216616332510e-02 1.806784077068497281e-03
1.079715498370734106e-01 2.178406911603499724e-02 1.657342541547114243e-03
1.080827682164004766e-01 2.233063340241419475e-02 1.731686465270437921e-03
1.081939865957275426e-01 2.415278499047259983e-02 1.854881475097976216e-03
1.083052049750545809e-01 2.398768415106304966e-02 1.875944114111730964e-03
1.084164233543816469e-01 2.414317326929027452e-02 1.887342059989419434e-03
1.085276417337087129e-01 2.661232949356211880e-02 2.025404340811101742e-03
1.086388601130357512e-01 2.594988936134367402e-02 2.055385536723226911e-03
1.087500784923628172e-01 2.675344389776510012e-02 2.150497897772084017e-03
1.088612968716898832e-01 2.588323608060636924e-02 2.169707645611751445e-03
1.089725152510169215e-01 2.662714107067561467e-02 2.248337319958028380e-03
1.090837336303439875e-01 2.474683013381414123e-02 2.199237793195908414e-03
1.091949520096710535e-01 2.222676625201975426e-02 2.132857092183687922e-03
1.093061703889980918e-01 2.234240467707988842e-02 2.203452423141924552e-03
1.094173887683251578e-01 2.348558777213230475e-02 2.324321168447906084e-03
1.095286071476522238e-01 2.721507157380445921e-02 2.596642310449905934e-03
1.096398255269792621e-01 2.823778841290054339e-02 2.758862628074770090e-03
1.097510439063063281e-01 2.417287521380582366e-02 2.616732572846371119e-03
1.098622622856333941e-01 2.290000132591493015e-02 2.586247787065058378e-03
1.099734806649604324e-01 2.507979816683838029e-02 2.852140038426504137e-03
1.100846990442874984e-01 2.218458371408019159e-02 2.790922077902721968e-03
1.101959174236145644e-01 2.205510761759647484e-02 2.925420709601016592e-03
1.103071358029416027e-01 2.639286858276038844e-02 3.435772612615740386e-03
1.104183541822686687e-01 2.493793359509254362e-02 3.505745906615799143e-03
1.105295725615957347e-01 3.461129880288484062e-02 4.504641465865604974e-03
1.106407909409227730e-01 2.036970111768340516e-02 3.603537530787546267e-03
1.107520093202498390e-01 2.062370033338908892e-02 4.068079940004948498e-03
1.108632276995769050e-01 3.104251218485070546e-02 5.657860764190766022e-03
1.109744460789039433e-01 2.670909758891045621e-02 5.966938464860564728e-03
1.110856644582310093e-01 1.831206428205655809e-02 6.283298529523048334e-03
1.111968828375580753e-01 2.419673449911831711e-02 1.110199103299042145e-02
